  0.439974823130379E+000  0.239317594036060E+002  0.504016719735395E+002  0.649777529656744E+000  0.350222470343256E+000 -0.519295685089021E+001 -0.124195749430049E+002
  0.439974823130379E+000  0.240763584848591E+002  0.818830989241500E+002  0.168325493099855E+000  0.831674506900145E+000 -0.519295685089021E+001 -0.124918744836315E+002
  0.439974823130379E+000  0.241197717846731E+002  0.763259885196240E+002  0.344637204297577E+000  0.655362795702423E+000 -0.519295685089021E+001 -0.125135811335385E+002
  0.439974823130379E+000  0.185249748636742E+002  0.555438248910229E+002  0.486302359819021E+000  0.513697640180979E+000 -0.519295685089021E+001 -0.966795253994525E+001
  0.439974823130379E+000  0.243370367245126E+002  0.509888607899728E+002  0.669386445066229E+000  0.330613554933771E+000 -0.519295685089021E+001 -0.126222136034582E+002
  0.439974823130379E+000  0.254431762117597E+002  0.534359823946625E+002  0.674438776005255E+000  0.325561223994745E+000 -0.519295685089021E+001 -0.131752833470818E+002
  0.439974823130379E+000  0.234359931623225E+002  0.526575263902393E+002  0.447072828315100E+000  0.552927171684900E+000 -0.519295685089021E+001 -0.121234616892694E+002
  0.439974823130379E+000  0.233680066620645E+002  0.727479010672374E+002  0.386299570293352E+000  0.613700429706648E+000 -0.519295685089021E+001 -0.120894684391404E+002
  0.439974823130379E+000  0.175727776964603E+002  0.777907683359186E+002  0.252811171136466E+000  0.747188828863534E+000 -0.519295685089021E+001 -0.919185395633832E+001
  0.439974823130379E+000  0.176632528884754E+002  0.623116373302168E+002  0.466155903046025E+000  0.533844096953975E+000 -0.519295685089021E+001 -0.923709155234587E+001
  0.439974823130379E+000  0.225433552952170E+002  0.519292643750419E+002  0.615933800571639E+000  0.384066199428361E+000 -0.519295685089021E+001 -0.116771427557167E+002
  0.439974823130379E+000  0.176676037017462E+002  0.634341316262135E+002  0.454381214449744E+000  0.545618785550256E+000 -0.519295685089021E+001 -0.923926695898127E+001
  0.439974823130379E+000  0.177215093022083E+002  0.768320333472345E+002  0.278562686823017E+000  0.721437313176983E+000 -0.519295685089021E+001 -0.926621975921229E+001
  0.439974823130379E+000  0.178062607092712E+002  0.599960028443472E+002  0.343784235990051E+000  0.656215764009949E+000 -0.519295685089021E+001 -0.930859546274379E+001
  0.439974823130379E+000  0.178968033350152E+002  0.685918320479864E+002  0.395751168641638E+000  0.604248831358362E+000 -0.519295685089021E+001 -0.935386677561577E+001
  0.439974823130379E+000  0.185302851787576E+002  0.573777350827922E+002  0.517998681936944E+000  0.482001318063056E+000 -0.519295685089021E+001 -0.967060769748695E+001
  0.439974823130379E+000  0.211439336523564E+002  0.643754478897281E+002  0.480620458090269E+000  0.519379541909731E+000 -0.519295685089021E+001 -0.109774319342864E+002
  0.439974823130379E+000  0.185545884088202E+002  0.555226836916007E+002  0.478870642994761E+000  0.521129357005239E+000 -0.519295685089021E+001 -0.968275931251826E+001
  0.439974823130379E+000  0.209666738179140E+002  0.532742501572509E+002  0.485440482721083E+000  0.514559517278917E+000 -0.519295685089021E+001 -0.108888020170651E+002
  0.439974823130379E+000  0.185623083189658E+002  0.555909850451032E+002  0.468724709549921E+000  0.531275290450079E+000 -0.519295685089021E+001 -0.968661926759108E+001
  0.439974823130379E+000  0.208543941274859E+002  0.564310996401905E+002  0.570085009321065E+000  0.429914990678935E+000 -0.519295685089021E+001 -0.108326621718511E+002
  0.439974823130379E+000  0.186086022024218E+002  0.758790587390532E+002  0.205645416750458E+000  0.794354583249542E+000 -0.519295685089021E+001 -0.970976620931908E+001
  0.439974823130379E+000  0.208213990591400E+002  0.575463979774113E+002  0.559712640930491E+000  0.440287359069509E+000 -0.519295685089021E+001 -0.108161646376781E+002
  0.439974823130379E+000  0.206737118997470E+002  0.754069766391525E+002  0.331467806046198E+000  0.668532193953802E+000 -0.519295685089021E+001 -0.107423210579817E+002
  0.439974823130379E+000  0.179615118838902E+002  0.569855357003852E+002  0.422048330669263E+000  0.577951669330737E+000 -0.519295685089021E+001 -0.938622105005324E+001
  0.439974823130379E+000  0.179815864410002E+002  0.584674390658688E+002  0.374994299212366E+000  0.625005700787634E+000 -0.519295685089021E+001 -0.939625832860828E+001
  0.439974823130379E+000  0.205254045513094E+002  0.628099262616902E+002  0.271691026815985E+000  0.728308973184015E+000 -0.519295685089021E+001 -0.106681673837629E+002
  0.439974823130379E+000  0.204243859737434E+002  0.589147891286392E+002  0.539979099798953E+000  0.460020900201047E+000 -0.519295685089021E+001 -0.106176580949799E+002
  0.439974823130379E+000  0.203090021578176E+002  0.599686763280180E+002  0.526806557475285E+000  0.473193442524715E+000 -0.519295685089021E+001 -0.105599661870170E+002
  0.439974823130379E+000  0.202891228790277E+002  0.591239472502159E+002  0.327842458844174E+000  0.672157541155826E+000 -0.519295685089021E+001 -0.105500265476220E+002
  0.439974823130379E+000  0.179890230710766E+002  0.596655884595037E+002  0.495074631549223E+000  0.504925368450777E+000 -0.519295685089021E+001 -0.939997664364648E+001
  0.439974823130379E+000  0.180113111503289E+002  0.615968464835287E+002  0.312805375884119E+000  0.687194624115881E+000 -0.519295685089021E+001 -0.941112068327262E+001
  0.439974823130379E+000  0.180533793396686E+002  0.735107055755287E+002  0.214323132779897E+000  0.785676867220103E+000 -0.519295685089021E+001 -0.943215477794246E+001
  0.439974823130379E+000  0.201242258723844E+002  0.737846714634079E+002  0.197730359687896E+000  0.802269640312104E+000 -0.519295685089021E+001 -0.104675780443004E+002
  0.439974823130379E+000  0.200684160153519E+002  0.722125894264234E+002  0.369017749781016E+000  0.630982250218984E+000 -0.519295685089021E+001 -0.104396731157841E+002
  0.439974823130379E+000  0.186678887392295E+002  0.584694270079367E+002  0.362608730320204E+000  0.637391269679796E+000 -0.519295685089021E+001 -0.973940947772293E+001
  0.439974823130379E+000  0.180638614597218E+002  0.635341926484255E+002  0.458360410873604E+000  0.541639589126396E+000 -0.519295685089021E+001 -0.943739583796907E+001
  0.439974823130379E+000  0.187771778905802E+002  0.555767986575397E+002  0.515127422901139E+000  0.484872577098861E+000 -0.519295685089021E+001 -0.979405405339824E+001
  0.439974823130379E+000  0.189535720122165E+002  0.751567470207511E+002  0.319562348756515E+000  0.680437651243485E+000 -0.519295685089021E+001 -0.988225111421643E+001
  0.439974823130379E+000  0.181101325024614E+002  0.672338727239684E+002  0.414864634040423E+000  0.585135365959577E+000 -0.519295685089021E+001 -0.946053135933886E+001
  0.439974823130379E+000  0.198128917186695E+002  0.604562367454686E+002  0.310482774718641E+000  0.689517225281359E+000 -0.519295685089021E+001 -0.103119109674429E+002
  0.439974823130379E+000  0.181743985744598E+002  0.619731485624578E+002  0.476839019685252E+000  0.523160980314748E+000 -0.519295685089021E+001 -0.949266439533807E+001
  0.439974823130379E+000  0.181808749751080E+002  0.760857164619783E+002  0.209972507798431E+000  0.790027492201569E+000 -0.519295685089021E+001 -0.949590259566216E+001
  0.439974823130379E+000  0.196741560063800E+002  0.738003278684924E+002  0.200777545929017E+000  0.799222454070983E+000 -0.519295685089021E+001 -0.102425431112982E+002
  0.439974823130379E+000  0.182627272386952E+002  0.758386289830519E+002  0.302282178177011E+000  0.697717821822989E+000 -0.519295685089021E+001 -0.953682872745574E+001
  0.439974823130379E+000  0.194858473096281E+002  0.588402375483291E+002  0.526996599804644E+000  0.473003400195356E+000 -0.519295685089021E+001 -0.101483887629222E+002
  0.439974823130379E+000  0.182875808869331E+002  0.562349974212116E+002  0.443093435524057E+000  0.556906564475943E+000 -0.519295685089021E+001 -0.954925555157471E+001
  0.439974823130379E+000  0.190461191445674E+002  0.553719173657694E+002  0.524557474258072E+000  0.475442525741928E+000 -0.519295685089021E+001 -0.992852468039189E+001
  0.439974823130379E+000  0.182902847443347E+002  0.641268340468056E+002  0.276003282003371E+000  0.723996717996629E+000 -0.519295685089021E+001 -0.955060748027549E+001
  0.439974823130379E+000  0.193193173516438E+002  0.556533202425764E+002  0.430840079812834E+000  0.569159920187166E+000 -0.519295685089021E+001 -0.100651237839300E+002
  0.439974823130379E+000  0.192130441054845E+002  0.574803513611026E+002  0.532592876580556E+000  0.467407123419444E+000 -0.519295685089021E+001 -0.100119871608504E+002
  0.439974823130379E+000  0.191650967015121E+002  0.592048018530127E+002  0.518654793004122E+000  0.481345206995878E+000 -0.519295685089021E+001 -0.998801345886421E+001
  0.439974823130379E+000  0.184793212762693E+002  0.661489782227339E+002  0.432100797718879E+000  0.567899202281121E+000 -0.519295685089021E+001 -0.964512574624282E+001
  0.439974823130379E+000  0.183492198367275E+002  0.628794106823653E+002  0.290674586853609E+000  0.709325413146392E+000 -0.519295685089021E+001 -0.958007502647191E+001
  0.439974823130379E+000  0.183502646623051E+002  0.687697498539613E+002  0.389740298857237E+000  0.610259701142763E+000 -0.519295685089021E+001 -0.917513233115255E+001
  0.439974823130379E+000  0.183445249259343E+002  0.777234777247406E+002  0.253647483833731E+000  0.746352516166269E+000 -0.519295685089021E+001 -0.917226246296714E+001
  0.439974823130379E+000  0.182784467029488E+002  0.759882280657592E+002  0.289435449068549E+000  0.710564550931451E+000 -0.519295685089021E+001 -0.913922335147442E+001
  0.439974823130379E+000  0.182763659348557E+002  0.746934624330744E+002  0.309806085757870E+000  0.690193914242130E+000 -0.519295685089021E+001 -0.913818296742785E+001
  0.439974823130379E+000  0.181670148853059E+002  0.775265222007384E+002  0.253492132069189E+000  0.746507867930811E+000 -0.519295685089021E+001 -0.908350744265293E+001
  0.439974823130379E+000  0.181659126855387E+002  0.743527786027040E+002  0.313462956982247E+000  0.686537043017753E+000 -0.519295685089021E+001 -0.908295634276937E+001
  0.439974823130379E+000  0.181594466472174E+002  0.714492611184140E+002  0.227879171781151E+000  0.772120828218849E+000 -0.519295685089021E+001 -0.907972332360872E+001
  0.439974823130379E+000  0.180863024151888E+002  0.749136353750048E+002  0.220015145425889E+000  0.779984854574111E+000 -0.519295685089021E+001 -0.904315120759442E+001
  0.439974823130379E+000  0.180599421063215E+002  0.685269113784590E+002  0.389562241947249E+000  0.610437758052751E+000 -0.519295685089021E+001 -0.902997105316075E+001
  0.439974823130379E+000  0.180597352081392E+002  0.693351605929558E+002  0.379474110293910E+000  0.620525889706090E+000 -0.519295685089021E+001 -0.902986760406960E+001
  0.439974823130379E+000  0.180319184349203E+002  0.713126154627604E+002  0.353787440295343E+000  0.646212559704657E+000 -0.519295685089021E+001 -0.901595921746014E+001
  0.439974823130379E+000  0.178748644757032E+002  0.717646926443340E+002  0.346025612383530E+000  0.653974387616470E+000 -0.519295685089021E+001 -0.893743223785159E+001
  0.439974823130379E+000  0.178179167383983E+002  0.682056248427269E+002  0.250090546982397E+000  0.749909453017603E+000 -0.519295685089021E+001 -0.890895836919914E+001
  0.439974823130379E+000  0.177921781522570E+002  0.704425546622436E+002  0.236202481267895E+000  0.763797518732105E+000 -0.519295685089021E+001 -0.889608907612848E+001
  0.439974823130379E+000  0.177772495865381E+002  0.725259332460817E+002  0.334590543447610E+000  0.665409456552390E+000 -0.519295685089021E+001 -0.888862479326904E+001
  0.439974823130379E+000  0.177628106152954E+002  0.709789219719718E+002  0.355084858212816E+000  0.644915141787184E+000 -0.519295685089021E+001 -0.888140530764772E+001
  0.439974823130379E+000  0.177467728893462E+002  0.770022094967771E+002  0.238022262192544E+000  0.761977737807456E+000 -0.519295685089021E+001 -0.887338644467312E+001
  0.439974823130379E+000  0.177335490345131E+002  0.770369203083493E+002  0.240392333354124E+000  0.759607666645876E+000 -0.519295685089021E+001 -0.886677451725655E+001
  0.439974823130379E+000  0.176407288299154E+002  0.689534443763354E+002  0.379437862378417E+000  0.620562137621583E+000 -0.519295685089021E+001 -0.882036441495768E+001
  0.439974823130379E+000  0.176025647254351E+002  0.765182799826982E+002  0.264851270551543E+000  0.735148729448457E+000 -0.519295685089021E+001 -0.880128236271753E+001
  0.439974823130379E+000  0.175993907527868E+002  0.732802119669720E+002  0.227540501237705E+000  0.772459498762295E+000 -0.519295685089021E+001 -0.879969537639341E+001
  0.439974823130379E+000  0.175447160661845E+002  0.754992594957069E+002  0.285743766348832E+000  0.714256233651168E+000 -0.519295685089021E+001 -0.877235803309223E+001
  0.439974823130379E+000  0.175124122834865E+002  0.747139305758287E+002  0.227466758593700E+000  0.772533241406300E+000 -0.519295685089021E+001 -0.875620614174326E+001
  0.439974823130379E+000  0.174288241801968E+002  0.750048820107043E+002  0.292480824556749E+000  0.707519175443251E+000 -0.519295685089021E+001 -0.871441209009840E+001
  0.439974823130379E+000  0.173019181010071E+002  0.764193254313681E+002  0.250092141473784E+000  0.749907858526216E+000 -0.519295685089021E+001 -0.865095905050356E+001
  0.439974823130379E+000  0.172718530601554E+002  0.762049895151391E+002  0.241401704344106E+000  0.758598295655894E+000 -0.519295685089021E+001 -0.863592653007768E+001
  0.439974823130379E+000  0.172453547695115E+002  0.690559283866691E+002  0.250002729067267E+000  0.749997270932733E+000 -0.519295685089021E+001 -0.862267738475573E+001
  0.439974823130379E+000  0.172280716685227E+002  0.703007305387320E+002  0.357390481788412E+000  0.642609518211588E+000 -0.519295685089021E+001 -0.861403583426136E+001
  0.439974823130379E+000  0.172116885190646E+002  0.752739883416892E+002  0.233827244887507E+000  0.766172755112493E+000 -0.519295685089021E+001 -0.860584425953228E+001
  0.439974823130379E+000  0.170583513324102E+002  0.721759922450170E+002  0.236782120193325E+000  0.763217879806675E+000 -0.519295685089021E+001 -0.852917566620511E+001
  0.439974823130379E+000  0.170395639477467E+002  0.759906111601198E+002  0.253323702541477E+000  0.746676297458523E+000 -0.519295685089021E+001 -0.851978197387333E+001
  0.439974823130379E+000  0.169468290183425E+002  0.744973483630254E+002  0.236364036560379E+000  0.763635963439621E+000 -0.519295685089021E+001 -0.847341450917125E+001
  0.439974823130379E+000  0.168646551306646E+002  0.756265084669188E+002  0.261844820713049E+000  0.738155179286951E+000 -0.519295685089021E+001 -0.843232756533230E+001
  0.439974823130379E+000  0.168365184588114E+002  0.729242215085360E+002  0.316017575106261E+000  0.683982424893739E+000 -0.519295685089021E+001 -0.841825922940570E+001
  0.439974823130379E+000  0.167443769782596E+002  0.731666207242780E+002  0.239007675819562E+000  0.760992324180438E+000 -0.519295685089021E+001 -0.837218848912980E+001
  0.439974823130379E+000  0.167074234941606E+002  0.680808147174535E+002  0.378009714392413E+000  0.621990285607587E+000 -0.519295685089021E+001 -0.835371174708030E+001
  0.439974823130379E+000  0.167032475161304E+002  0.699507991628394E+002  0.354867364881461E+000  0.645132635118539E+000 -0.519295685089021E+001 -0.835162375806521E+001
  0.439974823130379E+000  0.166525094640805E+002  0.744291919103709E+002  0.287065983852856E+000  0.712934016147144E+000 -0.519295685089021E+001 -0.832625473204027E+001
  0.439974823130379E+000  0.166280247719637E+002  0.689156058478152E+002  0.366779409532311E+000  0.633220590467689E+000 -0.519295685089021E+001 -0.831401238598187E+001
  0.439974823130379E+000  0.166057641506424E+002  0.683029539179688E+002  0.262758189697566E+000  0.737241810302434E+000 -0.519295685089021E+001 -0.830288207532120E+001
  0.439974823130379E+000  0.165451258489999E+002  0.704460276072102E+002  0.250156745217945E+000  0.749843254782055E+000 -0.519295685089021E+001 -0.827256292449995E+001
  0.439974823130379E+000  0.164538262974524E+002  0.719381328119850E+002  0.245641171885200E+000  0.754358828114800E+000 -0.519295685089021E+001 -0.822691314872622E+001
  0.439974823130379E+000  0.164384479128973E+002  0.749100365712695E+002  0.262176721594093E+000  0.737823278405907E+000 -0.519295685089021E+001 -0.821922395644867E+001
  0.439974823130379E+000  0.164166416575614E+002  0.711534855113965E+002  0.248774587898358E+000  0.751225412101642E+000 -0.519295685089021E+001 -0.820832082878070E+001
  0.439974823130379E+000  0.163456220432184E+002  0.725876272802948E+002  0.246091583511087E+000  0.753908416488913E+000 -0.519295685089021E+001 -0.817281102160922E+001
  0.439974823130379E+000  0.161815882404271E+002  0.726822370143800E+002  0.249022027235782E+000  0.750977972764218E+000 -0.519295685089021E+001 -0.809079412021355E+001
  0.439974823130379E+000  0.161779281994611E+002  0.743929448123485E+002  0.265105588429480E+000  0.734894411570520E+000 -0.519295685089021E+001 -0.808896409973056E+001
  0.439974823130379E+000  0.161623549872649E+002  0.741706767909275E+002  0.276335421415599E+000  0.723664578584401E+000 -0.519295685089021E+001 -0.808117749363246E+001
  0.439974823130379E+000  0.161604213657599E+002  0.732998063526965E+002  0.296612002041113E+000  0.703387997958887E+000 -0.519295685089021E+001 -0.808021068287993E+001
  0.439974823130379E+000  0.161167092103364E+002  0.740973156715757E+002  0.276230736786145E+000  0.723769263213855E+000 -0.519295685089021E+001 -0.805835460516819E+001
  0.439974823130379E+000  0.160985258039558E+002  0.726156625406412E+002  0.307192503569690E+000  0.692807496430310E+000 -0.519295685089021E+001 -0.804926290197792E+001
  0.439974823130379E+000  0.160973578219543E+002  0.737132074350733E+002  0.253747805864521E+000  0.746252194135479E+000 -0.519295685089021E+001 -0.804867891097715E+001
  0.439974823130379E+000  0.160929133372485E+002  0.736343197546332E+002  0.287802693175327E+000  0.712197306824673E+000 -0.519295685089021E+001 -0.804645666862426E+001
  0.439974823130379E+000  0.160409457465490E+002  0.697634257391407E+002  0.347044220080723E+000  0.652955779919277E+000 -0.519295685089021E+001 -0.802047287327450E+001
  0.439974823130379E+000  0.160402290300924E+002  0.688618127725413E+002  0.358352848153489E+000  0.641647151846511E+000 -0.519295685089021E+001 -0.802011451504619E+001
  0.439974823130379E+000  0.160317162373357E+002  0.739550751134872E+002  0.259861456819293E+000  0.740138543180707E+000 -0.519295685089021E+001 -0.801585811866787E+001
  0.439974823130379E+000  0.159723279736239E+002  0.731862698157302E+002  0.293567628031099E+000  0.706432371968901E+000 -0.519295685089021E+001 -0.798616398681195E+001
  0.439974823130379E+000  0.159466487189444E+002  0.734718514449941E+002  0.257275627016789E+000  0.742724372983211E+000 -0.519295685089021E+001 -0.797332435947218E+001
  0.439974823130379E+000  0.159336187480616E+002  0.684468080604608E+002  0.361552032427047E+000  0.638447967572953E+000 -0.519295685089021E+001 -0.796680937403078E+001
  0.439974823130379E+000  0.159014419786491E+002  0.690407993730564E+002  0.267402248403748E+000  0.732597751596252E+000 -0.519295685089021E+001 -0.795072098932458E+001
  0.439974823130379E+000  0.158895778968989E+002  0.735481017597028E+002  0.260745215117647E+000  0.739254784882353E+000 -0.519295685089021E+001 -0.794478894844945E+001
  0.439974823130379E+000  0.158447027399023E+002  0.684661459683579E+002  0.359746170194210E+000  0.640253829805790E+000 -0.519295685089021E+001 -0.792235136995113E+001
  0.439974823130379E+000  0.157735290169426E+002  0.733273366635573E+002  0.263859916038665E+000  0.736140083961335E+000 -0.519295685089021E+001 -0.788676450847128E+001
  0.439974823130379E+000  0.157452553296757E+002  0.717216138740137E+002  0.258741764167296E+000  0.741258235832704E+000 -0.519295685089021E+001 -0.787262766483784E+001
  0.439974823130379E+000  0.157162995037664E+002  0.681199905751257E+002  0.361470204809629E+000  0.638529795190371E+000 -0.519295685089021E+001 -0.785814975188319E+001
  0.439974823130379E+000  0.156973379347175E+002  0.700055934374081E+002  0.265256186045987E+000  0.734743813954013E+000 -0.519295685089021E+001 -0.784866896735874E+001
  0.439974823130379E+000  0.156902492910030E+002  0.730891375205101E+002  0.284400426936279E+000  0.715599573063721E+000 -0.519295685089021E+001 -0.784512464550149E+001
  0.439974823130379E+000  0.156658370407543E+002  0.712245187954725E+002  0.319613847221501E+000  0.680386152778499E+000 -0.519295685089021E+001 -0.783291852037713E+001
  0.439974823130379E+000  0.156091361187588E+002  0.729980742187273E+002  0.268986104371096E+000  0.731013895628904E+000 -0.519295685089021E+001 -0.780456805937940E+001
  0.439974823130379E+000  0.156021346397268E+002  0.706200636783221E+002  0.327096120861073E+000  0.672903879138927E+000 -0.519295685089021E+001 -0.780106731986341E+001
  0.439974823130379E+000  0.156014812077990E+002  0.711760880291013E+002  0.262848034716380E+000  0.737151965283620E+000 -0.519295685089021E+001 -0.780074060389949E+001
  0.439974823130379E+000  0.155369909386639E+002  0.696073309246018E+002  0.270317561005632E+000  0.729682438994368E+000 -0.519295685089021E+001 -0.776849546933196E+001
  0.439974823130379E+000  0.155349766678504E+002  0.707360972910022E+002  0.265473766691397E+000  0.734526233308603E+000 -0.519295685089021E+001 -0.776748833392518E+001
  0.439974823130379E+000  0.155062836717270E+002  0.728015098924436E+002  0.279493204517735E+000  0.720506795482265E+000 -0.519295685089021E+001 -0.775314183586350E+001
  0.439974823130379E+000  0.154642137694284E+002  0.710430055097079E+002  0.317470814434245E+000  0.682529185565755E+000 -0.519295685089021E+001 -0.773210688471422E+001
  0.439974823130379E+000  0.154480579182014E+002  0.725219006585085E+002  0.271601040593127E+000  0.728398959406873E+000 -0.519295685089021E+001 -0.772402895910072E+001
  0.439974823130379E+000  0.154432599676666E+002  0.723696655205619E+002  0.269703307745441E+000  0.730296692254559E+000 -0.519295685089021E+001 -0.772162998383332E+001
  0.439974823130379E+000  0.154426063897555E+002  0.681897252406781E+002  0.355140356425460E+000  0.644859643574540E+000 -0.519295685089021E+001 -0.772130319487774E+001
  0.439974823130379E+000  0.154258993156143E+002  0.685520243418657E+002  0.350472755554683E+000  0.649527244445317E+000 -0.519295685089021E+001 -0.771294965780716E+001
  0.439974823130379E+000  0.153948774933621E+002  0.699472186248453E+002  0.331818091563906E+000  0.668181908436094E+000 -0.519295685089021E+001 -0.769743874668104E+001
  0.439974823130379E+000  0.153930522605176E+002  0.709533595921707E+002  0.268290339213746E+000  0.731709660786254E+000 -0.519295685089021E+001 -0.769652613025882E+001
  0.439974823130379E+000  0.153658621257877E+002  0.717501815932221E+002  0.302037019326694E+000  0.697962980673306E+000 -0.519295685089021E+001 -0.768293106289386E+001
  0.439974823130379E+000  0.153560560859781E+002  0.721700950456554E+002  0.272533302348644E+000  0.727466697651356E+000 -0.519295685089021E+001 -0.767802804298903E+001
  0.439974823130379E+000  0.153537207253636E+002  0.722985378823146E+002  0.286993465349690E+000  0.713006534650310E+000 -0.519295685089021E+001 -0.767686036268179E+001
  0.439974823130379E+000  0.153441357042798E+002  0.719733150838448E+002  0.296164920497481E+000  0.703835079502519E+000 -0.519295685089021E+001 -0.767206785213990E+001
  0.439974823130379E+000  0.153371506499720E+002  0.720845133914871E+002  0.292880607527790E+000  0.707119392472210E+000 -0.519295685089021E+001 -0.766857532498599E+001
  0.439974823130379E+000  0.153066779580676E+002  0.708265849806325E+002  0.316513702727376E+000  0.683486297272624E+000 -0.519295685089021E+001 -0.765333897903380E+001
  0.439974823130379E+000  0.152995658577843E+002  0.716743051625636E+002  0.300873351094113E+000  0.699126648905887E+000 -0.519295685089021E+001 -0.764978292889215E+001
  0.439974823130379E+000  0.152888394523299E+002  0.721713528546176E+002  0.284834947614707E+000  0.715165052385293E+000 -0.519295685089021E+001 -0.764441972616493E+001
  0.439974823130379E+000  0.152367837097401E+002  0.682460561760499E+002  0.349774151466370E+000  0.650225848533630E+000 -0.519295685089021E+001 -0.761839185487005E+001
  0.439974823130379E+000  0.152299210199365E+002  0.708083645859629E+002  0.314422293156207E+000  0.685577706843793E+000 -0.519295685089021E+001 -0.761496050996825E+001
  0.439974823130379E+000  0.152272144949119E+002  0.696153606170036E+002  0.276979745497798E+000  0.723020254502202E+000 -0.519295685089021E+001 -0.761360724745593E+001
  0.439974823130379E+000  0.151933330538877E+002  0.718636968306246E+002  0.287581802252761E+000  0.712418197747239E+000 -0.519295685089021E+001 -0.759666652694383E+001
  0.439974823130379E+000  0.151620929932209E+002  0.707388789319766E+002  0.275377607255618E+000  0.724622392744382E+000 -0.519295685089021E+001 -0.758104649661044E+001
  0.439974823130379E+000  0.151480905420456E+002  0.703568795582084E+002  0.319082636361707E+000  0.680917363638293E+000 -0.519295685089021E+001 -0.757404527102280E+001
  0.439974823130379E+000  0.151187582867576E+002  0.713241682783138E+002  0.278654761732736E+000  0.721345238267264E+000 -0.519295685089021E+001 -0.755937914337879E+001
  0.439974823130379E+000  0.151152493974342E+002  0.679657795819181E+002  0.290531096239687E+000  0.709468903760313E+000 -0.519295685089021E+001 -0.755762469871710E+001
  0.439974823130379E+000  0.150777914514615E+002  0.698948518858493E+002  0.279858155418848E+000  0.720141844581152E+000 -0.519295685089021E+001 -0.753889572573075E+001
  0.439974823130379E+000  0.150766970893274E+002  0.704763053548144E+002  0.314627997703138E+000  0.685372002296862E+000 -0.519295685089021E+001 -0.753834854466368E+001
  0.439974823130379E+000  0.150765522696480E+002  0.696402683622756E+002  0.280874242666765E+000  0.719125757333235E+000 -0.519295685089021E+001 -0.753827613482400E+001
  0.439974823130379E+000  0.150713345584071E+002  0.675464499189536E+002  0.295295177403406E+000  0.704704822596594E+000 -0.519295685089021E+001 -0.753566727920356E+001
  0.439974823130379E+000  0.150619997812424E+002  0.713943196230385E+002  0.284860645627806E+000  0.715139354372194E+000 -0.519295685089021E+001 -0.753099989062121E+001
  0.439974823130379E+000  0.150443256266898E+002  0.689717414271900E+002  0.335696808696424E+000  0.664303191303576E+000 -0.519295685089021E+001 -0.752216281334488E+001
  0.439974823130379E+000  0.150311042932507E+002  0.676276014654484E+002  0.351365786546774E+000  0.648634213453226E+000 -0.519295685089021E+001 -0.751555214662535E+001
  0.439974823130379E+000  0.150294252254985E+002  0.700424302900832E+002  0.280978339657762E+000  0.719021660342238E+000 -0.519295685089021E+001 -0.751471261274923E+001
  0.439974823130379E+000  0.150118365104130E+002  0.690151721889151E+002  0.334144001705704E+000  0.665855998294296E+000 -0.519295685089021E+001 -0.750591825520649E+001
  0.439974823130379E+000  0.150069071249007E+002  0.689591532204749E+002  0.334727995062647E+000  0.665272004937354E+000 -0.519295685089021E+001 -0.750345356245037E+001
  0.439974823130379E+000  0.150048650509056E+002  0.711945834164058E+002  0.292837175868413E+000  0.707162824131587E+000 -0.519295685089021E+001 -0.750243252545282E+001
  0.439974823130379E+000  0.150046814926804E+002  0.675676968403959E+002  0.351240157933737E+000  0.648759842066263E+000 -0.519295685089021E+001 -0.750234074634018E+001
  0.439974823130379E+000  0.149997067974154E+002  0.701240503529286E+002  0.317561686997074E+000  0.682438313002926E+000 -0.519295685089021E+001 -0.749985339870771E+001
  0.439974823130379E+000  0.149836785432374E+002  0.691901572486249E+002  0.285763349585259E+000  0.714236650414741E+000 -0.519295685089021E+001 -0.749183927161872E+001
  0.439974823130379E+000  0.149742971422782E+002  0.710740454216013E+002  0.293799514907934E+000  0.706200485092066E+000 -0.519295685089021E+001 -0.748714857113911E+001
  0.439974823130379E+000  0.149691471148070E+002  0.704157224410921E+002  0.311120448229640E+000  0.688879551770360E+000 -0.519295685089021E+001 -0.748457355740348E+001
  0.439974823130379E+000  0.149644227320072E+002  0.704806567848223E+002  0.309628030467456E+000  0.690371969532544E+000 -0.519295685089021E+001 -0.748221136600360E+001
  0.439974823130379E+000  0.149458765800269E+002  0.709433894613162E+002  0.295645724930778E+000  0.704354275069222E+000 -0.519295685089021E+001 -0.747293829001343E+001
  0.439974823130379E+000  0.149306050124416E+002  0.708364913089476E+002  0.298144505171278E+000  0.701855494828722E+000 -0.519295685089021E+001 -0.746530250622078E+001
  0.439974823130379E+000  0.149265240373592E+002  0.708959143219422E+002  0.293317636981282E+000  0.706682363018718E+000 -0.519295685089021E+001 -0.746326201867960E+001
  0.439974823130379E+000  0.149186744803883E+002  0.697785867522332E+002  0.319902728152519E+000  0.680097271847481E+000 -0.519295685089021E+001 -0.745933724019417E+001
  0.439974823130379E+000  0.149130898157076E+002  0.708300197170461E+002  0.291636543820593E+000  0.708363456179407E+000 -0.519295685089021E+001 -0.745654490785379E+001
  0.439974823130379E+000  0.148964677556407E+002  0.696040083760389E+002  0.321734423583073E+000  0.678265576416927E+000 -0.519295685089021E+001 -0.744823387782035E+001
  0.439974823130379E+000  0.148951914753087E+002  0.707457480608013E+002  0.291942852971245E+000  0.708057147028755E+000 -0.519295685089021E+001 -0.744759573765434E+001
  0.439974823130379E+000  0.148716684625324E+002  0.684844708752596E+002  0.336332289296461E+000  0.663667710703539E+000 -0.519295685089021E+001 -0.743583423126621E+001
  0.439974823130379E+000  0.148568369243831E+002  0.678401622810375E+002  0.343450842248916E+000  0.656549157751084E+000 -0.519295685089021E+001 -0.742841846219156E+001
  0.439974823130379E+000  0.148519840253618E+002  0.702087973707568E+002  0.308575690017432E+000  0.691424309982568E+000 -0.519295685089021E+001 -0.742599201268092E+001
  0.439974823130379E+000  0.148423170225805E+002  0.676292353638342E+002  0.301347855563018E+000  0.698652144436982E+000 -0.519295685089021E+001 -0.742115851129024E+001
  0.439974823130379E+000  0.148318191207178E+002  0.703777212968426E+002  0.302129095941753E+000  0.697870904058247E+000 -0.519295685089021E+001 -0.741590956035890E+001
  0.439974823130379E+000  0.148215942988751E+002  0.703983546444796E+002  0.295003751474929E+000  0.704996248525071E+000 -0.519295685089021E+001 -0.741079714943755E+001
  0.439974823130379E+000  0.148155592409700E+002  0.701952326054188E+002  0.291889079429824E+000  0.708110920570176E+000 -0.519295685089021E+001 -0.740777962048498E+001
  0.439974823130379E+000  0.148081858765875E+002  0.682140235178118E+002  0.297730853184453E+000  0.702269146815547E+000 -0.519295685089021E+001 -0.740409293829375E+001
  0.439974823130379E+000  0.148054590060087E+002  0.685810846121040E+002  0.295333155739650E+000  0.704666844260351E+000 -0.519295685089021E+001 -0.740272950300433E+001
  0.439974823130379E+000  0.147830584579408E+002  0.684355322993872E+002  0.297149680418188E+000  0.702850319581812E+000 -0.519295685089021E+001 -0.739152922897039E+001
  0.439974823130379E+000  0.147776719640372E+002  0.698787091907158E+002  0.310349344596171E+000  0.689650655403829E+000 -0.519295685089021E+001 -0.738883598201861E+001
  0.439974823130379E+000  0.147724195212024E+002  0.678406749702850E+002  0.302062692419939E+000  0.697937307580061E+000 -0.519295685089021E+001 -0.738620976060122E+001
  0.439974823130379E+000  0.147666640836505E+002  0.701147357169010E+002  0.297947553635271E+000  0.702052446364729E+000 -0.519295685089021E+001 -0.738333204182525E+001
  0.439974823130379E+000  0.147513177608712E+002  0.695671985543295E+002  0.314831911985109E+000  0.685168088014891E+000 -0.519295685089021E+001 -0.737565888043558E+001
  0.439974823130379E+000  0.147318007764665E+002  0.698529559989097E+002  0.297925566855845E+000  0.702074433144155E+000 -0.519295685089021E+001 -0.736590038823326E+001
  0.439974823130379E+000  0.147253987260517E+002  0.688865026291431E+002  0.324652817118945E+000  0.675347182881055E+000 -0.519295685089021E+001 -0.736269936302583E+001
  0.439974823130379E+000  0.147236978274991E+002  0.687842467879829E+002  0.297814631677539E+000  0.702185368322461E+000 -0.519295685089021E+001 -0.736184891374953E+001
  0.439974823130379E+000  0.147205914884740E+002  0.692934459793603E+002  0.317790166602598E+000  0.682209833397402E+000 -0.519295685089021E+001 -0.736029574423701E+001
  0.439974823130379E+000  0.147159936097030E+002  0.698142341259883E+002  0.300591693784312E+000  0.699408306215688E+000 -0.519295685089021E+001 -0.735799680485151E+001
  0.439974823130379E+000  0.147121315040525E+002  0.685944519193375E+002  0.299358139722070E+000  0.700641860277930E+000 -0.519295685089021E+001 -0.735606575202625E+001
  0.439974823130379E+000  0.146775110202858E+002  0.693075429323691E+002  0.299896485728460E+000  0.700103514271540E+000 -0.519295685089021E+001 -0.733875551014292E+001
  0.439974823130379E+000  0.146757631086594E+002  0.695467374828891E+002  0.306290969130343E+000  0.693709030869657E+000 -0.519295685089021E+001 -0.733788155432969E+001
  0.439974823130379E+000  0.146742096152469E+002  0.674659063566034E+002  0.309880768607867E+000  0.690119231392133E+000 -0.519295685089021E+001 -0.733710480762344E+001
  0.439974823130379E+000  0.146714758671906E+002  0.693047341608241E+002  0.300516987788409E+000  0.699483012211590E+000 -0.519295685089021E+001 -0.733573793359530E+001
  0.439974823130379E+000  0.146713328778808E+002  0.695027645045723E+002  0.307316223696952E+000  0.692683776303048E+000 -0.519295685089021E+001 -0.733566643894039E+001
  0.439974823130379E+000  0.146684414705636E+002  0.690308730807972E+002  0.300443303609073E+000  0.699556696390927E+000 -0.519295685089021E+001 -0.733422073528178E+001
  0.439974823130379E+000  0.146487222221198E+002  0.693558823451058E+002  0.306076865177417E+000  0.693923134822583E+000 -0.519295685089021E+001 -0.732436111105990E+001
  0.439974823130379E+000  0.146182853356933E+002  0.685540422928665E+002  0.322547953806720E+000  0.677452046193280E+000 -0.519295685089021E+001 -0.730914266784665E+001
  0.439974823130379E+000  0.146118089275104E+002  0.679531557164843E+002  0.330404413235859E+000  0.669595586764141E+000 -0.519295685089021E+001 -0.730590446375519E+001
  0.439974823130379E+000  0.145900848561161E+002  0.679658158042164E+002  0.328500012246372E+000  0.671499987753628E+000 -0.519295685089021E+001 -0.729504242805803E+001
  0.439974823130379E+000  0.145899660340367E+002  0.677095074598242E+002  0.331546809545514E+000  0.668453190454486E+000 -0.519295685089021E+001 -0.729498301701834E+001
  0.439974823130379E+000  0.145826301335069E+002  0.677554826188936E+002  0.313216632501834E+000  0.686783367498166E+000 -0.519295685089021E+001 -0.729131506675345E+001
  0.439974823130379E+000  0.145814458783783E+002  0.677135964697545E+002  0.313674614055662E+000  0.686325385944338E+000 -0.519295685089021E+001 -0.729072293918913E+001
  0.439974823130379E+000  0.145797112669309E+002  0.685510890581680E+002  0.317957841745593E+000  0.682042158254407E+000 -0.519295685089021E+001 -0.728985563346543E+001
  0.439974823130379E+000  0.145742090124554E+002  0.675632561942691E+002  0.331693889930407E+000  0.668306110069593E+000 -0.519295685089021E+001 -0.728710450622768E+001
  0.439974823130379E+000  0.145709114803554E+002  0.685718839250639E+002  0.314175587358866E+000  0.685824412641134E+000 -0.519295685089021E+001 -0.728545574017770E+001
  0.439974823130379E+000  0.145564086469172E+002  0.681756929647126E+002  0.314024006649788E+000  0.685975993350212E+000 -0.519295685089021E+001 -0.727820432345860E+001
  0.439974823130379E+000  0.145441865741275E+002  0.680691661597945E+002  0.319771112344521E+000  0.680228887655479E+000 -0.519295685089021E+001 -0.727209328706375E+001
