  0.513151963308270E-001  0.218438071722583E+002  0.504016719735395E+002  0.649777529656744E+000  0.350222470343256E+000 -0.519295685089021E+001 -0.124195749430049E+002
  0.513151963308270E-001  0.155753006571277E+002  0.623116373302168E+002  0.466155903046025E+000  0.533844096953975E+000 -0.519295685089021E+001 -0.923709155234587E+001
  0.513151963308270E-001  0.220318195533254E+002  0.763259885196240E+002  0.344637204297577E+000  0.655362795702423E+000 -0.519295685089021E+001 -0.125135811335385E+002
  0.513151963308270E-001  0.164370226323264E+002  0.555438248910229E+002  0.486302359819021E+000  0.513697640180979E+000 -0.519295685089021E+001 -0.966795253994525E+001
  0.513151963308270E-001  0.222490844931648E+002  0.509888607899728E+002  0.669386445066229E+000  0.330613554933771E+000 -0.519295685089021E+001 -0.126222136034582E+002
  0.513151963308270E-001  0.233552239804120E+002  0.534359823946625E+002  0.674438776005255E+000  0.325561223994745E+000 -0.519295685089021E+001 -0.131752833470818E+002
  0.513151963308270E-001  0.213480409309748E+002  0.526575263902393E+002  0.447072828315100E+000  0.552927171684900E+000 -0.519295685089021E+001 -0.121234616892694E+002
  0.513151963308270E-001  0.212800544307168E+002  0.727479010672374E+002  0.386299570293352E+000  0.613700429706648E+000 -0.519295685089021E+001 -0.120894684391404E+002
  0.513151963308270E-001  0.210032510868161E+002  0.510045160318066E+002  0.619990222304268E+000  0.380009777695732E+000 -0.519295685089021E+001 -0.119510667671901E+002
  0.513151963308270E-001  0.205431169001602E+002  0.521036654943747E+002  0.621071293001112E+000  0.378928706998888E+000 -0.519295685089021E+001 -0.117209996738621E+002
  0.513151963308270E-001  0.204554030638693E+002  0.519292643750419E+002  0.615933800571639E+000  0.384066199428361E+000 -0.519295685089021E+001 -0.116771427557167E+002
  0.513151963308270E-001  0.202098494036611E+002  0.535754869564756E+002  0.614853650402372E+000  0.385146349597628E+000 -0.519295685089021E+001 -0.115543659256126E+002
  0.513151963308270E-001  0.155796514703985E+002  0.634341316262135E+002  0.454381214449744E+000  0.545618785550256E+000 -0.519295685089021E+001 -0.923926695898127E+001
  0.513151963308270E-001  0.200637769679707E+002  0.525012964093770E+002  0.483870433048747E+000  0.516129566951253E+000 -0.519295685089021E+001 -0.114813297077674E+002
  0.513151963308270E-001  0.198882856679055E+002  0.679202575716971E+002  0.215349364050046E+000  0.784650635949954E+000 -0.519295685089021E+001 -0.113935840577348E+002
  0.513151963308270E-001  0.164423329474098E+002  0.573777350827922E+002  0.517998681936944E+000  0.482001318063056E+000 -0.519295685089021E+001 -0.967060769748695E+001
  0.513151963308270E-001  0.190559814210087E+002  0.643754478897281E+002  0.480620458090269E+000  0.519379541909731E+000 -0.519295685089021E+001 -0.109774319342864E+002
  0.513151963308270E-001  0.164666361774724E+002  0.555226836916007E+002  0.478870642994761E+000  0.521129357005239E+000 -0.519295685089021E+001 -0.968275931251826E+001
  0.513151963308270E-001  0.188787215865662E+002  0.532742501572509E+002  0.485440482721083E+000  0.514559517278917E+000 -0.519295685089021E+001 -0.108888020170651E+002
  0.513151963308270E-001  0.164743560876181E+002  0.555909850451032E+002  0.468724709549921E+000  0.531275290450079E+000 -0.519295685089021E+001 -0.968661926759108E+001
  0.513151963308270E-001  0.187664418961382E+002  0.564310996401905E+002  0.570085009321065E+000  0.429914990678935E+000 -0.519295685089021E+001 -0.108326621718511E+002
  0.513151963308270E-001  0.156335570708605E+002  0.768320333472345E+002  0.278562686823017E+000  0.721437313176983E+000 -0.519295685089021E+001 -0.926621975921229E+001
  0.513151963308270E-001  0.157183084779235E+002  0.599960028443472E+002  0.343784235990051E+000  0.656215764009949E+000 -0.519295685089021E+001 -0.930859546274379E+001
  0.513151963308270E-001  0.185857596683992E+002  0.754069766391525E+002  0.331467806046198E+000  0.668532193953802E+000 -0.519295685089021E+001 -0.107423210579817E+002
  0.513151963308270E-001  0.157737372151496E+002  0.646339976464787E+002  0.443309195049453E+000  0.556690804950547E+000 -0.519295685089021E+001 -0.933630983135686E+001
  0.513151963308270E-001  0.165300661803752E+002  0.589326001232214E+002  0.353181608096535E+000  0.646818391903465E+000 -0.519295685089021E+001 -0.971447431396966E+001
  0.513151963308270E-001  0.184374523199617E+002  0.628099262616902E+002  0.271691026815985E+000  0.728308973184015E+000 -0.519295685089021E+001 -0.106681673837629E+002
  0.513151963308270E-001  0.183364337423957E+002  0.589147891286392E+002  0.539979099798953E+000  0.460020900201047E+000 -0.519295685089021E+001 -0.106176580949799E+002
  0.513151963308270E-001  0.182210499264699E+002  0.599686763280180E+002  0.526806557475285E+000  0.473193442524715E+000 -0.519295685089021E+001 -0.105599661870170E+002
  0.513151963308270E-001  0.182011706476799E+002  0.591239472502159E+002  0.327842458844174E+000  0.672157541155826E+000 -0.519295685089021E+001 -0.105500265476220E+002
  0.513151963308270E-001  0.158088511036675E+002  0.685918320479864E+002  0.395751168641638E+000  0.604248831358362E+000 -0.519295685089021E+001 -0.935386677561577E+001
  0.513151963308270E-001  0.158735596525424E+002  0.569855357003852E+002  0.422048330669263E+000  0.577951669330737E+000 -0.519295685089021E+001 -0.938622105005324E+001
  0.513151963308270E-001  0.180403217688843E+002  0.540030180156957E+002  0.480317655483710E+000  0.519682344516290E+000 -0.519295685089021E+001 -0.104696021082242E+002
  0.513151963308270E-001  0.158936342096525E+002  0.584674390658688E+002  0.374994299212366E+000  0.625005700787634E+000 -0.519295685089021E+001 -0.939625832860828E+001
  0.513151963308270E-001  0.179804637840042E+002  0.722125894264234E+002  0.369017749781016E+000  0.630982250218984E+000 -0.519295685089021E+001 -0.104396731157841E+002
  0.513151963308270E-001  0.165799365078818E+002  0.584694270079367E+002  0.362608730320204E+000  0.637391269679796E+000 -0.519295685089021E+001 -0.973940947772293E+001
  0.513151963308270E-001  0.179040321813902E+002  0.763437131130220E+002  0.193641745382384E+000  0.806358254617616E+000 -0.519295685089021E+001 -0.104014573144771E+002
  0.513151963308270E-001  0.166892256592324E+002  0.555767986575397E+002  0.515127422901139E+000  0.484872577098861E+000 -0.519295685089021E+001 -0.979405405339824E+001
  0.513151963308270E-001  0.168656197808688E+002  0.751567470207511E+002  0.319562348756515E+000  0.680437651243485E+000 -0.519295685089021E+001 -0.988225111421643E+001
  0.513151963308270E-001  0.168930896288966E+002  0.667310080913468E+002  0.429967095196633E+000  0.570032904803367E+000 -0.519295685089021E+001 -0.989598603823034E+001
  0.513151963308270E-001  0.177249394873218E+002  0.604562367454686E+002  0.310482774718641E+000  0.689517225281359E+000 -0.519295685089021E+001 -0.103119109674429E+002
  0.513151963308270E-001  0.177107984194825E+002  0.602794578436369E+002  0.516752599069858E+000  0.483247400930142E+000 -0.519295685089021E+001 -0.103048404335233E+002
  0.513151963308270E-001  0.176738137632094E+002  0.543484342961700E+002  0.537735107833426E+000  0.462264892166574E+000 -0.519295685089021E+001 -0.102863481053867E+002
  0.513151963308270E-001  0.175862037750323E+002  0.738003278684924E+002  0.200777545929017E+000  0.799222454070983E+000 -0.519295685089021E+001 -0.102425431112982E+002
  0.513151963308270E-001  0.174237484532506E+002  0.708752234771785E+002  0.213403735933678E+000  0.786596264066322E+000 -0.519295685089021E+001 -0.101613154504073E+002
  0.513151963308270E-001  0.173978950782803E+002  0.588402375483291E+002  0.526996599804644E+000  0.473003400195356E+000 -0.519295685089021E+001 -0.101483887629222E+002
  0.513151963308270E-001  0.173554173508252E+002  0.561499729828851E+002  0.542386912452784E+000  0.457613087547216E+000 -0.519295685089021E+001 -0.101271498991946E+002
  0.513151963308270E-001  0.169581669132197E+002  0.553719173657694E+002  0.524557474258072E+000  0.475442525741928E+000 -0.519295685089021E+001 -0.992852468039189E+001
  0.513151963308270E-001  0.173327941629417E+002  0.711597166564112E+002  0.212650802009305E+000  0.787349197990695E+000 -0.519295685089021E+001 -0.101158383052529E+002
  0.513151963308270E-001  0.172313651202960E+002  0.556533202425764E+002  0.430840079812834E+000  0.569159920187166E+000 -0.519295685089021E+001 -0.100651237839300E+002
  0.513151963308270E-001  0.171250918741368E+002  0.574803513611026E+002  0.532592876580556E+000  0.467407123419444E+000 -0.519295685089021E+001 -0.100119871608504E+002
  0.513151963308270E-001  0.170771444701643E+002  0.592048018530127E+002  0.518654793004122E+000  0.481345206995878E+000 -0.519295685089021E+001 -0.998801345886421E+001
  0.513151963308270E-001  0.163913690449216E+002  0.661489782227339E+002  0.432100797718879E+000  0.567899202281121E+000 -0.519295685089021E+001 -0.964512574624282E+001
  0.513151963308270E-001  0.159010708397289E+002  0.596655884595037E+002  0.495074631549223E+000  0.504925368450777E+000 -0.519295685089021E+001 -0.939997664364648E+001
  0.513151963308270E-001  0.159233589189812E+002  0.615968464835287E+002  0.312805375884119E+000  0.687194624115881E+000 -0.519295685089021E+001 -0.941112068327262E+001
  0.513151963308270E-001  0.159759092283741E+002  0.635341926484255E+002  0.458360410873604E+000  0.541639589126396E+000 -0.519295685089021E+001 -0.943739583796907E+001
  0.513151963308270E-001  0.160138619110764E+002  0.571812926056517E+002  0.505973196163275E+000  0.494026803836725E+000 -0.519295685089021E+001 -0.945637217932024E+001
  0.513151963308270E-001  0.161996286555854E+002  0.562349974212116E+002  0.443093435524057E+000  0.556906564475943E+000 -0.519295685089021E+001 -0.954925555157471E+001
  0.513151963308270E-001  0.161747750073474E+002  0.758386289830519E+002  0.302282178177011E+000  0.697717821822989E+000 -0.519295685089021E+001 -0.953682872745574E+001
  0.513151963308270E-001  0.161136478277207E+002  0.562220573239072E+002  0.448612891694740E+000  0.551387108305260E+000 -0.519295685089021E+001 -0.950626513764240E+001
  0.513151963308270E-001  0.160929227437603E+002  0.760857164619783E+002  0.209972507798431E+000  0.790027492201569E+000 -0.519295685089021E+001 -0.949590259566216E+001
  0.513151963308270E-001  0.160864463431121E+002  0.619731485624578E+002  0.476839019685252E+000  0.523160980314748E+000 -0.519295685089021E+001 -0.949266439533807E+001
  0.513151963308270E-001  0.160221802711137E+002  0.672338727239684E+002  0.414864634040423E+000  0.585135365959577E+000 -0.519295685089021E+001 -0.946053135933886E+001
  0.513151963308270E-001  0.161967704155232E+002  0.569108455491851E+002  0.449670799742528E+000  0.550329200257472E+000 -0.519295685089021E+001 -0.918238267727226E+001
  0.513151963308270E-001  0.161645485208461E+002  0.569723548256301E+002  0.447390879472106E+000  0.552609120527894E+000 -0.519295685089021E+001 -0.916627172993370E+001
  0.513151963308270E-001  0.160690708290895E+002  0.611089650065147E+002  0.473755805970051E+000  0.526244194029949E+000 -0.519295685089021E+001 -0.911853288405541E+001
  0.513151963308270E-001  0.160643684662124E+002  0.600291100166884E+002  0.481836604349460E+000  0.518163395650540E+000 -0.519295685089021E+001 -0.911618170261686E+001
  0.513151963308270E-001  0.160638262490489E+002  0.573209546895775E+002  0.431027294111892E+000  0.568972705888108E+000 -0.519295685089021E+001 -0.911591059403507E+001
  0.513151963308270E-001  0.159639370195581E+002  0.577431273283631E+002  0.480999655521523E+000  0.519000344478477E+000 -0.519295685089021E+001 -0.906596597928969E+001
  0.513151963308270E-001  0.159079812131375E+002  0.573258673730592E+002  0.465956926126939E+000  0.534043073873061E+000 -0.519295685089021E+001 -0.903798807607941E+001
  0.513151963308270E-001  0.158418681772490E+002  0.593309114867884E+002  0.369556621340824E+000  0.630443378659176E+000 -0.519295685089021E+001 -0.900493155813515E+001
  0.513151963308270E-001  0.158164644637020E+002  0.588179127803394E+002  0.383835365943805E+000  0.616164634056195E+000 -0.519295685089021E+001 -0.899222970136166E+001
  0.513151963308270E-001  0.158046063266864E+002  0.574666868547130E+002  0.442302465994759E+000  0.557697534005241E+000 -0.519295685089021E+001 -0.898630063285384E+001
  0.513151963308270E-001  0.157363970548683E+002  0.665667921606309E+002  0.262740113256530E+000  0.737259886743470E+000 -0.519295685089021E+001 -0.895219599694477E+001
  0.513151963308270E-001  0.156296199965376E+002  0.621391543472330E+002  0.317717704908238E+000  0.682282295091762E+000 -0.519295685089021E+001 -0.889880746777944E+001
  0.513151963308270E-001  0.156121066316835E+002  0.577122507479976E+002  0.451880918266248E+000  0.548119081733752E+000 -0.519295685089021E+001 -0.889005078535241E+001
  0.513151963308270E-001  0.155934521744281E+002  0.596327858467139E+002  0.473451064834781E+000  0.526548935165219E+000 -0.519295685089021E+001 -0.888072355672468E+001
  0.513151963308270E-001  0.155888584973265E+002  0.626415712921864E+002  0.310524496628596E+000  0.689475503371404E+000 -0.519295685089021E+001 -0.887842671817387E+001
  0.513151963308270E-001  0.155538685498569E+002  0.581452562004208E+002  0.417042598148621E+000  0.582957401851379E+000 -0.519295685089021E+001 -0.886093174443910E+001
  0.513151963308270E-001  0.155241634975052E+002  0.580257072628210E+002  0.425466636434598E+000  0.574533363565402E+000 -0.519295685089021E+001 -0.884607921826323E+001
  0.513151963308270E-001  0.155082065143936E+002  0.578733372704788E+002  0.449373251819366E+000  0.550626748180634E+000 -0.519295685089021E+001 -0.883810072670745E+001
  0.513151963308270E-001  0.155009433023196E+002  0.583614903890545E+002  0.409848670847646E+000  0.590151329152354E+000 -0.519295685089021E+001 -0.883446912067043E+001
  0.513151963308270E-001  0.154332620965465E+002  0.624710035839400E+002  0.451169566444842E+000  0.548830433555158E+000 -0.519295685089021E+001 -0.880062851778390E+001
  0.513151963308270E-001  0.154278882880745E+002  0.648281827410653E+002  0.427310869530755E+000  0.572689130469245E+000 -0.519295685089021E+001 -0.879794161354789E+001
  0.513151963308270E-001  0.153765083699175E+002  0.600983150396052E+002  0.466526407624310E+000  0.533473592375690E+000 -0.519295685089021E+001 -0.877225165446939E+001
  0.513151963308270E-001  0.153566298636205E+002  0.655599594879001E+002  0.418252574633127E+000  0.581747425366873E+000 -0.519295685089021E+001 -0.876231240132091E+001
  0.513151963308270E-001  0.151988277686989E+002  0.625335104983034E+002  0.317766924210014E+000  0.682233075789986E+000 -0.519295685089021E+001 -0.868341135386009E+001
  0.513151963308270E-001  0.151747147538425E+002  0.651219744931403E+002  0.283555487713910E+000  0.716444512286090E+000 -0.519295685089021E+001 -0.867135484643189E+001
  0.513151963308270E-001  0.151013678025119E+002  0.585269831033898E+002  0.438530468139509E+000  0.561469531860491E+000 -0.519295685089021E+001 -0.863468137076658E+001
  0.513151963308270E-001  0.150999139186609E+002  0.591421918598526E+002  0.457204120841146E+000  0.542795879158854E+000 -0.519295685089021E+001 -0.863395442884109E+001
  0.513151963308270E-001  0.149865175927072E+002  0.598674099787489E+002  0.456083016250844E+000  0.543916983749156E+000 -0.519295685089021E+001 -0.857725626586425E+001
  0.513151963308270E-001  0.149542928549726E+002  0.598143317319112E+002  0.379476168167999E+000  0.620523831832001E+000 -0.519295685089021E+001 -0.856114389699696E+001
  0.513151963308270E-001  0.149445500821047E+002  0.601513131368817E+002  0.370368066234538E+000  0.629631933765462E+000 -0.519295685089021E+001 -0.855627251056297E+001
  0.513151963308270E-001  0.149400226423887E+002  0.603688628024125E+002  0.454397825737671E+000  0.545602174262329E+000 -0.519295685089021E+001 -0.855400879070498E+001
  0.513151963308270E-001  0.149312294733729E+002  0.649836388974045E+002  0.418520309112974E+000  0.581479690887026E+000 -0.519295685089021E+001 -0.854961220619709E+001
  0.513151963308270E-001  0.149078376973900E+002  0.625472019246902E+002  0.322131166500999E+000  0.677868833499001E+000 -0.519295685089021E+001 -0.853791631820562E+001
  0.513151963308270E-001  0.148509723513779E+002  0.674271408527181E+002  0.264767039642017E+000  0.735232960357983E+000 -0.519295685089021E+001 -0.850948364519958E+001
  0.513151963308270E-001  0.148499885204713E+002  0.649984212859854E+002  0.289054696620291E+000  0.710945303379709E+000 -0.519295685089021E+001 -0.850899172974628E+001
  0.513151963308270E-001  0.148429775814370E+002  0.598839604914368E+002  0.381026264045326E+000  0.618973735954674E+000 -0.519295685089021E+001 -0.850548626022912E+001
  0.513151963308270E-001  0.148428442294217E+002  0.590155555333147E+002  0.437068735670322E+000  0.562931264329678E+000 -0.519295685089021E+001 -0.850541958422150E+001
  0.513151963308270E-001  0.148352763835963E+002  0.609058518377754E+002  0.354776217939068E+000  0.645223782060932E+000 -0.519295685089021E+001 -0.850163566130878E+001
  0.513151963308270E-001  0.148287071226149E+002  0.592467322462434E+002  0.444270352017150E+000  0.555729647982850E+000 -0.519295685089021E+001 -0.849835103081809E+001
  0.513151963308270E-001  0.148077319277308E+002  0.595367454324407E+002  0.447532635942634E+000  0.552467364057366E+000 -0.519295685089021E+001 -0.848786343337603E+001
  0.513151963308270E-001  0.147694793535468E+002  0.596983782828426E+002  0.389898665782679E+000  0.610101334217321E+000 -0.519295685089021E+001 -0.846873714628405E+001
  0.513151963308270E-001  0.146936916228978E+002  0.592859072322757E+002  0.415164258545679E+000  0.584835741454321E+000 -0.519295685089021E+001 -0.843084328095954E+001
  0.513151963308270E-001  0.146721413479336E+002  0.593415994642082E+002  0.433654483180548E+000  0.566345516819452E+000 -0.519295685089021E+001 -0.842006814347745E+001
  0.513151963308270E-001  0.146696744353657E+002  0.594717503998109E+002  0.438224930602871E+000  0.561775069397129E+000 -0.519295685089021E+001 -0.841883468719349E+001
  0.513151963308270E-001  0.145868422989743E+002  0.661833544173173E+002  0.279549939975327E+000  0.720450060024673E+000 -0.519295685089021E+001 -0.837741861899777E+001
  0.513151963308270E-001  0.145730213085089E+002  0.603006026990416E+002  0.377728921914674E+000  0.622271078085326E+000 -0.519295685089021E+001 -0.837050812376507E+001
  0.513151963308270E-001  0.144640457511498E+002  0.613430357874809E+002  0.438691624982712E+000  0.561308375017288E+000 -0.519295685089021E+001 -0.831602034508554E+001
  0.513151963308270E-001  0.144311282256610E+002  0.605663513404921E+002  0.437971055996752E+000  0.562028944003248E+000 -0.519295685089021E+001 -0.829956158234115E+001
  0.513151963308270E-001  0.143896903512810E+002  0.598001289305901E+002  0.419321738828361E+000  0.580678261171639E+000 -0.519295685089021E+001 -0.827884264515112E+001
  0.513151963308270E-001  0.143672333760404E+002  0.599228838994791E+002  0.425322083750448E+000  0.574677916249552E+000 -0.519295685089021E+001 -0.826761415753083E+001
  0.513151963308270E-001  0.143451587000145E+002  0.658531507071875E+002  0.286284983921132E+000  0.713715016078868E+000 -0.519295685089021E+001 -0.825657681951787E+001
  0.513151963308270E-001  0.143343114308524E+002  0.602808797639530E+002  0.431409023328078E+000  0.568590976671922E+000 -0.519295685089021E+001 -0.825115318493683E+001
  0.513151963308270E-001  0.142998093889375E+002  0.606516081482321E+002  0.432969118291834E+000  0.567030881708166E+000 -0.519295685089021E+001 -0.823390216397937E+001
  0.513151963308270E-001  0.142946159321785E+002  0.600078860161519E+002  0.407928705886272E+000  0.592071294113728E+000 -0.519295685089021E+001 -0.823130543559987E+001
  0.513151963308270E-001  0.142938545524810E+002  0.607207788802974E+002  0.433056611925570E+000  0.566943388074430E+000 -0.519295685089021E+001 -0.823092474575115E+001
  0.513151963308270E-001  0.142741998073496E+002  0.623220698762431E+002  0.338048485845741E+000  0.661951514154259E+000 -0.519295685089021E+001 -0.822109737318547E+001
  0.513151963308270E-001  0.142446600129062E+002  0.610663814901714E+002  0.367121187909126E+000  0.632878812090874E+000 -0.519295685089021E+001 -0.820632747596375E+001
  0.513151963308270E-001  0.141905587308563E+002  0.620155755174341E+002  0.428787335480850E+000  0.571212664519150E+000 -0.519295685089021E+001 -0.817927683493880E+001
  0.513151963308270E-001  0.141805530162622E+002  0.635893343889125E+002  0.318176846863663E+000  0.681823153136337E+000 -0.519295685089021E+001 -0.817427397764172E+001
  0.513151963308270E-001  0.141450605439523E+002  0.649032837020772E+002  0.406429745485121E+000  0.593570254514879E+000 -0.519295685089021E+001 -0.815652774148681E+001
  0.513151963308270E-001  0.140740759341825E+002  0.629429540811883E+002  0.420974921622413E+000  0.579025078377587E+000 -0.519295685089021E+001 -0.812103543660188E+001
  0.513151963308270E-001  0.140726689581108E+002  0.671821914268563E+002  0.276930298205707E+000  0.723069701794293E+000 -0.519295685089021E+001 -0.812033194856606E+001
  0.513151963308270E-001  0.140654492500717E+002  0.632720170005146E+002  0.325503817577223E+000  0.674496182422777E+000 -0.519295685089021E+001 -0.811672209454651E+001
  0.513151963308270E-001  0.140608782351768E+002  0.652017043714921E+002  0.402020208579939E+000  0.597979791420061E+000 -0.519295685089021E+001 -0.811443658709903E+001
  0.513151963308270E-001  0.140453441021666E+002  0.604898964927619E+002  0.406684523573147E+000  0.593315476426853E+000 -0.519295685089021E+001 -0.810666952059394E+001
  0.513151963308270E-001  0.140301587748332E+002  0.616366300745343E+002  0.359331392428714E+000  0.640668607571286E+000 -0.519295685089021E+001 -0.809907685692726E+001
  0.513151963308270E-001  0.140057660079758E+002  0.609243353158968E+002  0.420391035513383E+000  0.579608964486617E+000 -0.519295685089021E+001 -0.808688047349852E+001
  0.513151963308270E-001  0.140035491368548E+002  0.646972888337129E+002  0.305447977430473E+000  0.694552022569527E+000 -0.519295685089021E+001 -0.808577203793806E+001
  0.513151963308270E-001  0.140009772445067E+002  0.630711724270150E+002  0.418416603492342E+000  0.581583396507658E+000 -0.519295685089021E+001 -0.808448609176400E+001
  0.513151963308270E-001  0.139840637077558E+002  0.654415833921030E+002  0.296418028439524E+000  0.703581971560476E+000 -0.519295685089021E+001 -0.807602932338855E+001
  0.513151963308270E-001  0.139490763230772E+002  0.620046053068627E+002  0.421644378343838E+000  0.578355621656162E+000 -0.519295685089021E+001 -0.805853563104924E+001
  0.513151963308270E-001  0.139183366644910E+002  0.621896799633772E+002  0.349713741272619E+000  0.650286258727381E+000 -0.519295685089021E+001 -0.804316580175616E+001
  0.513151963308270E-001  0.139125715649311E+002  0.634935391970965E+002  0.413523143803122E+000  0.586476856196878E+000 -0.519295685089021E+001 -0.804028325197620E+001
  0.513151963308270E-001  0.138823182983205E+002  0.609600786882511E+002  0.411529203018441E+000  0.588470796981559E+000 -0.519295685089021E+001 -0.802515661867089E+001
  0.513151963308270E-001  0.138653667361521E+002  0.667469297277199E+002  0.284152998379167E+000  0.715847001620832E+000 -0.519295685089021E+001 -0.801668083758670E+001
  0.513151963308270E-001  0.138051860573225E+002  0.621519298690853E+002  0.354096029798342E+000  0.645903970201658E+000 -0.519295685089021E+001 -0.798659049817189E+001
  0.513151963308270E-001  0.138044201003476E+002  0.611777495810807E+002  0.385136359827257E+000  0.614863640172743E+000 -0.519295685089021E+001 -0.798620751968444E+001
  0.513151963308270E-001  0.137786471510929E+002  0.613355722269615E+002  0.411318938226682E+000  0.588681061773318E+000 -0.519295685089021E+001 -0.797332104505709E+001
  0.513151963308270E-001  0.137516677686596E+002  0.612447607517697E+002  0.386669727629410E+000  0.613330272370590E+000 -0.519295685089021E+001 -0.795983135384042E+001
  0.513151963308270E-001  0.137428836056224E+002  0.612993779126786E+002  0.384483256539705E+000  0.615516743460295E+000 -0.519295685089021E+001 -0.795543927232183E+001
  0.513151963308270E-001  0.137201777844614E+002  0.613532245252107E+002  0.406790080159585E+000  0.593209919840415E+000 -0.519295685089021E+001 -0.794408636174135E+001
  0.513151963308270E-001  0.137179456364040E+002  0.661360818154306E+002  0.292920717791377E+000  0.707079282208623E+000 -0.519295685089021E+001 -0.794297028771263E+001
  0.513151963308270E-001  0.137107670581478E+002  0.618401044482250E+002  0.412202229078097E+000  0.587797770921904E+000 -0.519295685089021E+001 -0.793938099858452E+001
  0.513151963308270E-001  0.137003344516024E+002  0.668857894023666E+002  0.285450251042015E+000  0.714549748957985E+000 -0.519295685089021E+001 -0.793416469531183E+001
  0.513151963308270E-001  0.136996741518592E+002  0.615796330726504E+002  0.375350811625235E+000  0.624649188374765E+000 -0.519295685089021E+001 -0.793383454544023E+001
  0.513151963308270E-001  0.136851927814053E+002  0.618251429050656E+002  0.367698245141378E+000  0.632301754858622E+000 -0.519295685089021E+001 -0.792659386021328E+001
  0.513151963308270E-001  0.136776291617266E+002  0.652570372912934E+002  0.394040502798187E+000  0.605959497201813E+000 -0.519295685089021E+001 -0.792281205037392E+001
  0.513151963308270E-001  0.136708657590636E+002  0.644863795273032E+002  0.400523511312475E+000  0.599476488687525E+000 -0.519295685089021E+001 -0.791943034904243E+001
  0.513151963308270E-001  0.136686264577250E+002  0.613507882530921E+002  0.391548369522139E+000  0.608451630477861E+000 -0.519295685089021E+001 -0.791831069837314E+001
  0.513151963308270E-001  0.136432230990865E+002  0.628979832979647E+002  0.409487567369972E+000  0.590512432630028E+000 -0.519295685089021E+001 -0.790560901905390E+001
  0.513151963308270E-001  0.136329182119225E+002  0.621133597438348E+002  0.409640613441336E+000  0.590359386558664E+000 -0.519295685089021E+001 -0.790045657547190E+001
  0.513151963308270E-001  0.135794873015026E+002  0.653569456522407E+002  0.304648129363441E+000  0.695351870636559E+000 -0.519295685089021E+001 -0.787374112026193E+001
  0.513151963308270E-001  0.135791765405349E+002  0.615617582986974E+002  0.395096863128790E+000  0.604903136871210E+000 -0.519295685089021E+001 -0.787358573977810E+001
  0.513151963308270E-001  0.135554916180178E+002  0.616179726340294E+002  0.389657120072334E+000  0.610342879927666E+000 -0.519295685089021E+001 -0.786174327851955E+001
  0.513151963308270E-001  0.135327922172267E+002  0.630669623899748E+002  0.342442657915907E+000  0.657557342084093E+000 -0.519295685089021E+001 -0.785039357812400E+001
  0.513151963308270E-001  0.135185132832225E+002  0.617607166027223E+002  0.396712794480981E+000  0.603287205519019E+000 -0.519295685089021E+001 -0.784325411112188E+001
  0.513151963308270E-001  0.135062920775105E+002  0.621644135510918E+002  0.403391582795369E+000  0.596608417204631E+000 -0.519295685089021E+001 -0.783714350826591E+001
  0.513151963308270E-001  0.134830638764784E+002  0.627342665868026E+002  0.404106587208991E+000  0.595893412791009E+000 -0.519295685089021E+001 -0.782552940774982E+001
  0.513151963308270E-001  0.134690021557584E+002  0.632993707902136E+002  0.402454711369753E+000  0.597545288630247E+000 -0.519295685089021E+001 -0.781849854738985E+001
  0.513151963308270E-001  0.134601620497180E+002  0.654465794790223E+002  0.305896855071049E+000  0.694103144928951E+000 -0.519295685089021E+001 -0.781407849436963E+001
  0.513151963308270E-001  0.134535180978440E+002  0.649389723500529E+002  0.312820748504236E+000  0.687179251495764E+000 -0.519295685089021E+001 -0.781075651843264E+001
  0.513151963308270E-001  0.134468235095762E+002  0.631574022283633E+002  0.402138323181121E+000  0.597861676818879E+000 -0.519295685089021E+001 -0.780740922429874E+001
  0.513151963308270E-001  0.134148983303801E+002  0.620051122671465E+002  0.391548071645183E+000  0.608451928354817E+000 -0.519295685089021E+001 -0.779144663470071E+001
  0.513151963308270E-001  0.133957964292636E+002  0.646454501183914E+002  0.318394538615580E+000  0.681605461384420E+000 -0.519295685089021E+001 -0.778189568414245E+001
  0.513151963308270E-001  0.133861215880198E+002  0.641214317983345E+002  0.326963360822915E+000  0.673036639177085E+000 -0.519295685089021E+001 -0.777705826352053E+001
  0.513151963308270E-001  0.133640494990920E+002  0.622507470406775E+002  0.393893816802059E+000  0.606106183197941E+000 -0.519295685089021E+001 -0.776602221905663E+001
  0.513151963308270E-001  0.133592806817028E+002  0.670013454913390E+002  0.290399880311533E+000  0.709600119688467E+000 -0.519295685089021E+001 -0.776363781036205E+001
  0.513151963308270E-001  0.133094736925870E+002  0.623514723184047E+002  0.374233013266424E+000  0.625766986733576E+000 -0.519295685089021E+001 -0.773873431580414E+001
  0.513151963308270E-001  0.132762441771478E+002  0.633873962958986E+002  0.395241727890945E+000  0.604758272109055E+000 -0.519295685089021E+001 -0.772211955808452E+001
  0.513151963308270E-001  0.132748916327010E+002  0.627806140017065E+002  0.394065341301888E+000  0.605934658698112E+000 -0.519295685089021E+001 -0.772144328586113E+001
  0.513151963308270E-001  0.132734454027190E+002  0.635126320070726E+002  0.341799085881548E+000  0.658200914118452E+000 -0.519295685089021E+001 -0.772072017087013E+001
  0.513151963308270E-001  0.132691584918765E+002  0.626083059761109E+002  0.366349423702214E+000  0.633650576297786E+000 -0.519295685089021E+001 -0.771857671544888E+001
  0.513151963308270E-001  0.132616714946235E+002  0.626602153541322E+002  0.364961761365936E+000  0.635038238634064E+000 -0.519295685089021E+001 -0.771483321682238E+001
  0.513151963308270E-001  0.132299936208807E+002  0.627436159343823E+002  0.390586819420663E+000  0.609413180579337E+000 -0.519295685089021E+001 -0.769899427995097E+001
  0.513151963308270E-001  0.132261385875299E+002  0.625041685173135E+002  0.380935266685393E+000  0.619064733314607E+000 -0.519295685089021E+001 -0.769706676327560E+001
  0.513151963308270E-001  0.132248573231704E+002  0.650850192754299E+002  0.316117613383358E+000  0.683882386616642E+000 -0.519295685089021E+001 -0.769642613109584E+001
  0.513151963308270E-001  0.132227555915839E+002  0.638340372224990E+002  0.337046580449247E+000  0.662953419550753E+000 -0.519295685089021E+001 -0.769537526530258E+001
  0.513151963308270E-001  0.132130326521778E+002  0.633958644608181E+002  0.392563798835920E+000  0.607436201164079E+000 -0.519295685089021E+001 -0.769051379559953E+001
  0.513151963308270E-001  0.131773377719071E+002  0.650974577386747E+002  0.383387932581623E+000  0.616612067418377E+000 -0.519295685089021E+001 -0.767266635546421E+001
  0.513151963308270E-001  0.131646120824077E+002  0.646345576498415E+002  0.324617121943033E+000  0.675382878056967E+000 -0.519295685089021E+001 -0.766630351071450E+001
  0.513151963308270E-001  0.131559786478697E+002  0.628145722645271E+002  0.368329362603618E+000  0.631670637396382E+000 -0.519295685089021E+001 -0.766198679344548E+001
  0.513151963308270E-001  0.131525434604974E+002  0.630702749150674E+002  0.388271988537238E+000  0.611728011462762E+000 -0.519295685089021E+001 -0.766026919975932E+001
  0.513151963308270E-001  0.130880328812726E+002  0.670951904854432E+002  0.295133224509900E+000  0.704866775490100E+000 -0.519295685089021E+001 -0.762801391014693E+001
  0.513151963308270E-001  0.130880226243521E+002  0.634675699558156E+002  0.386415136264398E+000  0.613584863735602E+000 -0.519295685089021E+001 -0.762800878168667E+001
  0.513151963308270E-001  0.130750866947660E+002  0.632538056267432E+002  0.384269073294754E+000  0.615730926705246E+000 -0.519295685089021E+001 -0.762154081689361E+001
  0.513151963308270E-001  0.130740013418455E+002  0.631093739890333E+002  0.382079394530281E+000  0.617920605469719E+000 -0.519295685089021E+001 -0.762099814043339E+001
  0.513151963308270E-001  0.130644762963020E+002  0.630362342225022E+002  0.378286924891620E+000  0.621713075108380E+000 -0.519295685089021E+001 -0.761623561766162E+001
  0.513151963308270E-001  0.130424411131508E+002  0.634385061617978E+002  0.383419249709985E+000  0.616580750290015E+000 -0.519295685089021E+001 -0.760521802608601E+001
  0.513151963308270E-001  0.130273824637452E+002  0.658237580128020E+002  0.311098705717099E+000  0.688901294282901E+000 -0.519295685089021E+001 -0.759768870138322E+001
  0.513151963308270E-001  0.130131248288364E+002  0.638489585310815E+002  0.383056609532326E+000  0.616943390467674E+000 -0.519295685089021E+001 -0.759055988392884E+001
  0.513151963308270E-001  0.130024087708097E+002  0.632748477368867E+002  0.364683987541551E+000  0.635316012458449E+000 -0.519295685089021E+001 -0.758520185491548E+001
  0.513151963308270E-001  0.130006396457889E+002  0.666911216124746E+002  0.301421754740052E+000  0.698578245259948E+000 -0.519295685089021E+001 -0.758431729240510E+001
  0.513151963308270E-001  0.129803805388850E+002  0.648610503276197E+002  0.378694442397172E+000  0.621305557602828E+000 -0.519295685089021E+001 -0.757418773895313E+001
  0.513151963308270E-001  0.129661704768464E+002  0.639055126324910E+002  0.346346039819677E+000  0.653653960180323E+000 -0.519295685089021E+001 -0.756708270793385E+001
  0.513151963308270E-001  0.129437981062926E+002  0.640985718324684E+002  0.342908167392727E+000  0.657091832607273E+000 -0.519295685089021E+001 -0.755589652265694E+001
  0.513151963308270E-001  0.129387926272172E+002  0.649447586115019E+002  0.326698569033311E+000  0.673301430966689E+000 -0.519295685089021E+001 -0.755339378311925E+001
  0.513151963308270E-001  0.129119637296426E+002  0.664220834298219E+002  0.306807415104725E+000  0.693192584895275E+000 -0.519295685089021E+001 -0.753997933433194E+001
  0.513151963308270E-001  0.128969118459491E+002  0.653754973223055E+002  0.321264486733272E+000  0.678735513266728E+000 -0.519295685089021E+001 -0.753245339248520E+001
  0.513151963308270E-001  0.128824037479081E+002  0.639540759095679E+002  0.375193935085602E+000  0.624806064914398E+000 -0.519295685089021E+001 -0.752519934346472E+001
  0.513151963308270E-001  0.128753074085636E+002  0.638264193467561E+002  0.355344862592630E+000  0.644655137407370E+000 -0.519295685089021E+001 -0.752165117379247E+001
  0.513151963308270E-001  0.128296454279329E+002  0.657930885776171E+002  0.317402805515045E+000  0.682597194484955E+000 -0.519295685089021E+001 -0.749882018347710E+001
  0.513151963308270E-001  0.147525083705194E+002  0.653472246503265E+002  0.336996702277871E+000  0.663003297722129E+000 -0.519295685089021E+001 -0.737625418525971E+001
  0.513151963308270E-001  0.147345963870350E+002  0.655680780056738E+002  0.355529837490552E+000  0.644470162509448E+000 -0.519295685089021E+001 -0.736729819351748E+001
  0.513151963308270E-001  0.146909114607791E+002  0.655996472052857E+002  0.336950171498678E+000  0.663049828501322E+000 -0.519295685089021E+001 -0.734545573038955E+001
