  0.173011510574128E-001  0.228574221300140E+002  0.848866344884590E+002  0.196354858259698E+000  0.803645141740302E+000 -0.519295685089021E+001 -0.126219443534944E+002
  0.173011510574128E-001  0.226074837461872E+002  0.824484023436087E+002  0.200445029101250E+000  0.799554970898750E+000 -0.519295685089021E+001 -0.113037418730936E+002
  0.173011510574128E-001  0.216908254171484E+002  0.816022051928512E+002  0.228756601729077E+000  0.771243398270923E+000 -0.519295685089021E+001 -0.108454127085742E+002
  0.173011510574128E-001  0.213950111707785E+002  0.814571564874275E+002  0.221125742671707E+000  0.778874257328293E+000 -0.519295685089021E+001 -0.106975055853893E+002
  0.173011510574128E-001  0.212650730035961E+002  0.812173406848142E+002  0.229350288959550E+000  0.770649711040450E+000 -0.519295685089021E+001 -0.106325365017981E+002
  0.173011510574128E-001  0.209080657170405E+002  0.803095426138867E+002  0.247996875057868E+000  0.752003124942132E+000 -0.519295685089021E+001 -0.104540328585203E+002
  0.173011510574128E-001  0.204723931756131E+002  0.805056643629284E+002  0.224564478837088E+000  0.775435521162912E+000 -0.519295685089021E+001 -0.102361965878065E+002
  0.173011510574128E-001  0.196696724226547E+002  0.788648344270953E+002  0.210881680651648E+000  0.789118319348352E+000 -0.519295685089021E+001 -0.983483621132734E+001
  0.173011510574128E-001  0.196612853274750E+002  0.795624263455768E+002  0.234514930602838E+000  0.765485069397162E+000 -0.519295685089021E+001 -0.983064266373749E+001
  0.173011510574128E-001  0.192954133141915E+002  0.791512185474594E+002  0.229255073903367E+000  0.770744926096633E+000 -0.519295685089021E+001 -0.964770665709577E+001
