  0.676384562494638E+002  0.322167266623512E+000  0.677832733376488E+000 -0.519295685089021E+001 -0.726707657171507E+001 -0.726707657171507E+001
  0.677259856764226E+002  0.320234592716035E+000  0.679765407283965E+000 -0.519295685089021E+001 -0.726841285002208E+001 -0.726841285002208E+001
  0.678099022301199E+002  0.322126208194539E+000  0.677873791805461E+000 -0.519295685089021E+001 -0.726830982884440E+001 -0.726830982884440E+001
  0.675334378539201E+002  0.325416790989517E+000  0.674583209010483E+000 -0.519295685089021E+001 -0.726737477081118E+001 -0.726737477081118E+001
  0.676720985735768E+002  0.322172291929495E+000  0.677827708070505E+000 -0.519295685089021E+001 -0.726709592949973E+001 -0.726709592949973E+001
  0.675376949750733E+002  0.322078917122003E+000  0.677921082877997E+000 -0.519295685089021E+001 -0.726777655667761E+001 -0.726777655667762E+001
  0.677162165131526E+002  0.321142201644883E+000  0.678857798355117E+000 -0.519295685089021E+001 -0.726761318817034E+001 -0.726761318817034E+001
  0.677743886248388E+002  0.320330591100809E+000  0.679669408899191E+000 -0.519295685089021E+001 -0.726821558614943E+001 -0.726821558614943E+001
  0.675519932590080E+002  0.322081440466583E+000  0.677918559533417E+000 -0.519295685089021E+001 -0.726762054619778E+001 -0.726762054619778E+001
  0.676328226803950E+002  0.324412895110738E+000  0.675587104889262E+000 -0.519295685089021E+001 -0.726754493824033E+001 -0.726754493824033E+001
  0.675836881363874E+002  0.325562533950844E+000  0.674437466049156E+000 -0.519295685089021E+001 -0.726815858783145E+001 -0.726815858783145E+001
  0.676268438624184E+002  0.321572410032353E+000  0.678427589967647E+000 -0.519295685089021E+001 -0.726753718729685E+001 -0.726753718729685E+001
  0.677834672287647E+002  0.320753014483360E+000  0.679246985516640E+000 -0.519295685089021E+001 -0.726796893792559E+001 -0.726796893792559E+001
  0.675720530857278E+002  0.323823781215003E+000  0.676176218784997E+000 -0.519295685089021E+001 -0.726674780132111E+001 -0.726674780132111E+001
  0.676825131871853E+002  0.323069619046633E+000  0.676930380953368E+000 -0.519295685089021E+001 -0.726720884502448E+001 -0.726720884502448E+001
  0.677832627174819E+002  0.322565331846802E+000  0.677434668153198E+000 -0.519295685089021E+001 -0.726817867582250E+001 -0.726817867582250E+001
  0.676211153363271E+002  0.324725818660590E+000  0.675274181339410E+000 -0.519295685089021E+001 -0.726769920659041E+001 -0.726769920659041E+001
  0.677392493723814E+002  0.322175743468670E+000  0.677824256531330E+000 -0.519295685089021E+001 -0.726747011545589E+001 -0.726747011545589E+001
  0.676388086545612E+002  0.321417983514442E+000  0.678582016485558E+000 -0.519295685089021E+001 -0.726761339816421E+001 -0.726761339816421E+001
  0.676002937079605E+002  0.322404503783469E+000  0.677595496216531E+000 -0.519295685089021E+001 -0.726703388776884E+001 -0.726703388776884E+001
  0.675562014403638E+002  0.324145113998790E+000  0.675854886001210E+000 -0.519295685089021E+001 -0.726676410801707E+001 -0.726676410801707E+001
  0.678096870998248E+002  0.321703120997933E+000  0.678296879002067E+000 -0.519295685089021E+001 -0.726811612599144E+001 -0.726811612599144E+001
  0.676416409820694E+002  0.321336038892346E+000  0.678663961107654E+000 -0.519295685089021E+001 -0.726767669854811E+001 -0.726767669854811E+001
  0.675609066664556E+002  0.325246154771749E+000  0.674753845228251E+000 -0.519295685089021E+001 -0.726749069059668E+001 -0.726749069059668E+001
  0.675391114470124E+002  0.325787761591658E+000  0.674212238408342E+000 -0.519295685089021E+001 -0.726783033290652E+001 -0.726783033290652E+001
  0.675331461211517E+002  0.323977983826703E+000  0.676022016173297E+000 -0.519295685089021E+001 -0.726669848133525E+001 -0.726669848133525E+001
  0.677453858344809E+002  0.321282188307357E+000  0.678717811692643E+000 -0.519295685089021E+001 -0.726759779138236E+001 -0.726759779138236E+001
  0.677598862272932E+002  0.322630684630680E+000  0.677369315369320E+000 -0.519295685089021E+001 -0.726787704812454E+001 -0.726787704812454E+001
  0.676921934129008E+002  0.320590943221759E+000  0.679409056778241E+000 -0.519295685089021E+001 -0.726817787719405E+001 -0.726817787719405E+001
  0.676554540600614E+002  0.320672471705181E+000  0.679327528294819E+000 -0.519295685089021E+001 -0.726834589296910E+001 -0.726834589296910E+001
  0.675639485463734E+002  0.322666612521741E+000  0.677333387478259E+000 -0.519295685089021E+001 -0.726702878956382E+001 -0.726702878956382E+001
  0.676651688458634E+002  0.321858988102757E+000  0.678141011897243E+000 -0.519295685089021E+001 -0.726720958426698E+001 -0.726720958426698E+001
  0.676874508930505E+002  0.321284512052436E+000  0.678715487947564E+000 -0.519295685089021E+001 -0.726754127591074E+001 -0.726754127591074E+001
  0.675891849475518E+002  0.321954105507004E+000  0.678045894492996E+000 -0.519295685089021E+001 -0.726742881964770E+001 -0.726742881964770E+001
  0.677559670926277E+002  0.320922809791238E+000  0.679077190208762E+000 -0.519295685089021E+001 -0.726779296212026E+001 -0.726779296212026E+001
  0.676064141980618E+002  0.321494675755658E+000  0.678505324244342E+000 -0.519295685089021E+001 -0.726776348748514E+001 -0.726776348748514E+001
  0.677521493309334E+002  0.321506204081952E+000  0.678493795918048E+000 -0.519295685089021E+001 -0.726756886297763E+001 -0.726756886297763E+001
  0.675994911503883E+002  0.321277779952426E+000  0.678722220047574E+000 -0.519295685089021E+001 -0.726809045841369E+001 -0.726809045841369E+001
  0.676065105634613E+002  0.321543968628814E+000  0.678456031371186E+000 -0.519295685089021E+001 -0.726770856531040E+001 -0.726770856531040E+001
  0.676808925136333E+002  0.323637920633831E+000  0.676362079366169E+000 -0.519295685089021E+001 -0.726750856520437E+001 -0.726750856520437E+001
  0.675881127596717E+002  0.324718640262251E+000  0.675281359737749E+000 -0.519295685089021E+001 -0.726729861295752E+001 -0.726729861295752E+001
  0.676256953930756E+002  0.325034779664773E+000  0.674965220335227E+000 -0.519295685089021E+001 -0.726812534599754E+001 -0.726812534599753E+001
  0.677367886186995E+002  0.321949830063540E+000  0.678050169936460E+000 -0.519295685089021E+001 -0.726743043677586E+001 -0.726743043677586E+001
  0.677358891740396E+002  0.321611325493403E+000  0.678388674506597E+000 -0.519295685089021E+001 -0.726746028052610E+001 -0.726746028052610E+001
  0.677462092270260E+002  0.321561984718944E+000  0.678438015281056E+000 -0.519295685089021E+001 -0.726752464012315E+001 -0.726752464012315E+001
  0.677800918027603E+002  0.321395931698239E+000  0.678604068301761E+000 -0.519295685089021E+001 -0.726777464357601E+001 -0.726777464357601E+001
  0.675542559774961E+002  0.321725761827002E+000  0.678274238172998E+000 -0.519295685089021E+001 -0.726801856527780E+001 -0.726801856527780E+001
  0.676204483631168E+002  0.321841695035072E+000  0.678158304964928E+000 -0.519295685089021E+001 -0.726733788775191E+001 -0.726733788775191E+001
  0.675937750539618E+002  0.324906431323059E+000  0.675093568676941E+000 -0.519295685089021E+001 -0.726753271622643E+001 -0.726753271622643E+001
  0.677890744566980E+002  0.321653516783273E+000  0.678346483216727E+000 -0.519295685089021E+001 -0.726786649038560E+001 -0.726786649038559E+001
  0.675957401978465E+002  0.321619141752615E+000  0.678380858247385E+000 -0.519295685089021E+001 -0.726771680298422E+001 -0.726771680298422E+001
  0.676462768921968E+002  0.323970326941840E+000  0.676029673058160E+000 -0.519295685089021E+001 -0.726734110484120E+001 -0.726734110484120E+001
  0.677634762063006E+002  0.322949590561370E+000  0.677050409438630E+000 -0.519295685089021E+001 -0.726815628586798E+001 -0.726815628586798E+001
  0.676748917445981E+002  0.324283528632388E+000  0.675716471367612E+000 -0.519295685089021E+001 -0.726801819882612E+001 -0.726801819882612E+001
  0.675918865802169E+002  0.324725117181837E+000  0.675274882818163E+000 -0.519295685089021E+001 -0.726734371380390E+001 -0.726734371380391E+001
  0.675322853242872E+002  0.324387588418566E+000  0.675612411581433E+000 -0.519295685089021E+001 -0.726675389605977E+001 -0.726675389605977E+001
  0.675786600280254E+002  0.323765612082342E+000  0.676234387917658E+000 -0.519295685089021E+001 -0.726675922060541E+001 -0.726675922060541E+001
  0.676336294811599E+002  0.322451534455906E+000  0.677548465544094E+000 -0.519295685089021E+001 -0.726696394250261E+001 -0.726696394250261E+001
  0.677699196295782E+002  0.322196630102715E+000  0.677803369897285E+000 -0.519295685089021E+001 -0.726779554550693E+001 -0.726779554550693E+001
  0.676515156908330E+002  0.324132585658338E+000  0.675867414341662E+000 -0.519295685089021E+001 -0.726753289209263E+001 -0.726753289209263E+001
  0.676435728223346E+002  0.323155181435392E+000  0.676844818564608E+000 -0.519295685089021E+001 -0.726694544804011E+001 -0.726694544804011E+001
  0.676010362560873E+002  0.324776784504505E+000  0.675223215495495E+000 -0.519295685089021E+001 -0.726749407131035E+001 -0.726749407131035E+001
  0.676465268090635E+002  0.322638028798067E+000  0.677361971201933E+000 -0.519295685089021E+001 -0.726694164270577E+001 -0.726694164270577E+001
  0.676085852787102E+002  0.325074592760480E+000  0.674925407239520E+000 -0.519295685089021E+001 -0.726791283249951E+001 -0.726791283249951E+001
  0.678302343597210E+002  0.320794548138630E+000  0.679205451861370E+000 -0.519295685089021E+001 -0.726826086216423E+001 -0.726826086216423E+001
  0.675439668619598E+002  0.322288081510276E+000  0.677711918489724E+000 -0.519295685089021E+001 -0.726748356596065E+001 -0.726748356596065E+001
  0.676461571191568E+002  0.321446309782745E+000  0.678553690217255E+000 -0.519295685089021E+001 -0.726754820542820E+001 -0.726754820542820E+001
  0.676779512250032E+002  0.323029882739008E+000  0.676970117260992E+000 -0.519295685089021E+001 -0.726715522625598E+001 -0.726715522625599E+001
  0.676860801169335E+002  0.322567737077898E+000  0.677432262922101E+000 -0.519295685089021E+001 -0.726711965616700E+001 -0.726711965616700E+001
  0.676795381598925E+002  0.320466251108641E+000  0.679533748891359E+000 -0.519295685089021E+001 -0.726841794907121E+001 -0.726841794907121E+001
  0.676113500610533E+002  0.321748018551692E+000  0.678251981448308E+000 -0.519295685089021E+001 -0.726746941243032E+001 -0.726746941243032E+001
  0.675413134039550E+002  0.325039992176622E+000  0.674960007823378E+000 -0.519295685089021E+001 -0.726712861983849E+001 -0.726712861983849E+001
  0.677148835728845E+002  0.322360639218621E+000  0.677639360781379E+000 -0.519295685089021E+001 -0.726729665871589E+001 -0.726729665871589E+001
  0.675541390739398E+002  0.321974344202091E+000  0.678025655797909E+000 -0.519295685089021E+001 -0.726771741888136E+001 -0.726771741888136E+001
  0.677044560639696E+002  0.321880340431207E+000  0.678119659568793E+000 -0.519295685089021E+001 -0.726726454300780E+001 -0.726726454300780E+001
  0.676099233281246E+002  0.324505134283660E+000  0.675494865716340E+000 -0.519295685089021E+001 -0.726735357675885E+001 -0.726735357675885E+001
  0.677962958709072E+002  0.322209100982364E+000  0.677790899017636E+000 -0.519295685089021E+001 -0.726815253039187E+001 -0.726815253039187E+001
  0.675625064086395E+002  0.322121913324689E+000  0.677878086675311E+000 -0.519295685089021E+001 -0.726748016075594E+001 -0.726748016075594E+001
  0.677707042490591E+002  0.322497317184131E+000  0.677502682815869E+000 -0.519295685089021E+001 -0.726794921907367E+001 -0.726794921907367E+001
  0.676693110641084E+002  0.323025130879722E+000  0.676974869120278E+000 -0.519295685089021E+001 -0.726708569887299E+001 -0.726708569887299E+001
  0.675808272303523E+002  0.325002843270455E+000  0.674997156729545E+000 -0.519295685089021E+001 -0.726747516982874E+001 -0.726747516982874E+001
  0.676071518620704E+002  0.321099852124737E+000  0.678900147875263E+000 -0.519295685089021E+001 -0.726824557351736E+001 -0.726824557351736E+001
  0.676571166704337E+002  0.321988860238968E+000  0.678011139761032E+000 -0.519295685089021E+001 -0.726714878801553E+001 -0.726714878801553E+001
  0.676805604991148E+002  0.323137910187064E+000  0.676862089812936E+000 -0.519295685089021E+001 -0.726721809844135E+001 -0.726721809844135E+001
  0.675692772701837E+002  0.323475902668431E+000  0.676524097331569E+000 -0.519295685089021E+001 -0.726672893523371E+001 -0.726672893523371E+001
  0.677195993170893E+002  0.323589500319203E+000  0.676410499680797E+000 -0.519295685089021E+001 -0.726801836811759E+001 -0.726801836811759E+001
  0.676892327752632E+002  0.322621820226307E+000  0.677378179773693E+000 -0.519295685089021E+001 -0.726714605428633E+001 -0.726714605428633E+001
  0.676798783780669E+002  0.324241639448500E+000  0.675758360551500E+000 -0.519295685089021E+001 -0.726805208507195E+001 -0.726805208507195E+001
  0.676180452866100E+002  0.321628378864700E+000  0.678371621135300E+000 -0.519295685089021E+001 -0.726753877441911E+001 -0.726753877441911E+001
