  0.674468484047625E+002  0.326613003204198E+000  0.673386996795801E+000 -0.519295685089021E+001 -0.726783158111011E+001 -0.726783158111011E+001
  0.672915280380879E+002  0.325760339876057E+000  0.674239660123943E+000 -0.519295685089021E+001 -0.726780601956878E+001 -0.726780601956878E+001
  0.673096343812838E+002  0.327131999002719E+000  0.672868000997281E+000 -0.519295685089021E+001 -0.726781089517031E+001 -0.726781089517030E+001
  0.675149047313255E+002  0.322377737990376E+000  0.677622262009624E+000 -0.519295685089021E+001 -0.726769664089033E+001 -0.726769664089033E+001
  0.674598931208358E+002  0.325195957556980E+000  0.674804042443020E+000 -0.519295685089021E+001 -0.726686465428479E+001 -0.726686465428479E+001
  0.674909928461440E+002  0.326213581345921E+000  0.673786418654079E+000 -0.519295685089021E+001 -0.726778874220031E+001 -0.726778874220031E+001
  0.674898097144569E+002  0.325597807638234E+000  0.674402192361766E+000 -0.519295685089021E+001 -0.726718676856343E+001 -0.726718676856343E+001
  0.673338311854280E+002  0.324702573421176E+000  0.675297426578824E+000 -0.519295685089021E+001 -0.726786378269955E+001 -0.726786378269955E+001
  0.674074182335275E+002  0.325506667698582E+000  0.674493332301418E+000 -0.519295685089021E+001 -0.726698605114311E+001 -0.726698605114311E+001
  0.673823637892435E+002  0.323440861042654E+000  0.676559138957346E+000 -0.519295685089021E+001 -0.726838231360949E+001 -0.726838231360949E+001
  0.674949839510441E+002  0.324338048162391E+000  0.675661951837609E+000 -0.519295685089021E+001 -0.726672024737667E+001 -0.726672024737667E+001
  0.675116547854407E+002  0.322505653548815E+000  0.677494346451185E+000 -0.519295685089021E+001 -0.726759374883526E+001 -0.726759374883526E+001
  0.673261681964375E+002  0.325264648644211E+000  0.674735351355789E+000 -0.519295685089021E+001 -0.726760622370704E+001 -0.726760622370704E+001
  0.674621200549265E+002  0.323280895357139E+000  0.676719104642861E+000 -0.519295685089021E+001 -0.726739354401525E+001 -0.726739354401525E+001
  0.674624795410052E+002  0.326585303161746E+000  0.673414696838254E+000 -0.519295685089021E+001 -0.726794253317282E+001 -0.726794253317282E+001
  0.673144078717824E+002  0.324538894554290E+000  0.675461105445710E+000 -0.519295685089021E+001 -0.726832706360672E+001 -0.726832706360672E+001
  0.673349882166552E+002  0.327196061557617E+000  0.672803938442383E+000 -0.519295685089021E+001 -0.726784810705753E+001 -0.726784810705753E+001
  0.672831703979571E+002  0.327319596112199E+000  0.672680403887801E+000 -0.519295685089021E+001 -0.726797971274843E+001 -0.726797971274843E+001
  0.673699011030133E+002  0.323941482592304E+000  0.676058517407696E+000 -0.519295685089021E+001 -0.726800962531557E+001 -0.726800962531557E+001
  0.672157733942288E+002  0.326995828224892E+000  0.673004171775108E+000 -0.519295685089021E+001 -0.726841304268171E+001 -0.726841304268171E+001
  0.672647760304343E+002  0.325510802981567E+000  0.674489197018433E+000 -0.519295685089021E+001 -0.726832746925148E+001 -0.726832746925148E+001
  0.673800904894578E+002  0.327257703082297E+000  0.672742296917703E+000 -0.519295685089021E+001 -0.726806929890683E+001 -0.726806929890683E+001
  0.673884118616932E+002  0.325575408851744E+000  0.674424591148256E+000 -0.519295685089021E+001 -0.726705548981691E+001 -0.726705548981691E+001
  0.674666225977063E+002  0.325552604578864E+000  0.674447395421136E+000 -0.519295685089021E+001 -0.726704108210140E+001 -0.726704108210140E+001
  0.672424406579896E+002  0.326282104451639E+000  0.673717895548361E+000 -0.519295685089021E+001 -0.726824127561883E+001 -0.726824127561883E+001
  0.673483595587771E+002  0.325458173036568E+000  0.674541826963432E+000 -0.519295685089021E+001 -0.726731042762169E+001 -0.726731042762169E+001
  0.673455043623020E+002  0.327551461701282E+000  0.672448538298718E+000 -0.519295685089021E+001 -0.726820840874800E+001 -0.726820840874800E+001
  0.675030413197098E+002  0.326092112984604E+000  0.673907887015396E+000 -0.519295685089021E+001 -0.726777427826252E+001 -0.726777427826252E+001
  0.674639928154836E+002  0.324317225055377E+000  0.675682774944623E+000 -0.519295685089021E+001 -0.726681056366168E+001 -0.726681056366168E+001
  0.672737229402846E+002  0.325631955920704E+000  0.674368044079296E+000 -0.519295685089021E+001 -0.726810890391711E+001 -0.726810890391711E+001
  0.673253485202515E+002  0.325864685698884E+000  0.674135314301116E+000 -0.519295685089021E+001 -0.726743449816627E+001 -0.726743449816627E+001
  0.673115429869382E+002  0.324607681149548E+000  0.675392318850452E+000 -0.519295685089021E+001 -0.726830820285768E+001 -0.726830820285768E+001
  0.674935107661270E+002  0.323784760471083E+000  0.676215239528917E+000 -0.519295685089021E+001 -0.726682628109537E+001 -0.726682628109537E+001
  0.673565170090416E+002  0.326040940636675E+000  0.673959059363325E+000 -0.519295685089021E+001 -0.726725096827967E+001 -0.726725096827967E+001
  0.673980768800790E+002  0.323226007742081E+000  0.676773992257919E+000 -0.519295685089021E+001 -0.726838197157171E+001 -0.726838197157171E+001
  0.674609269503621E+002  0.324905883002078E+000  0.675094116997922E+000 -0.519295685089021E+001 -0.726679784085217E+001 -0.726679784085217E+001
  0.673938873036274E+002  0.326856528576650E+000  0.673143471423350E+000 -0.519295685089021E+001 -0.726773158912985E+001 -0.726773158912985E+001
  0.672962348044083E+002  0.326381378379679E+000  0.673618621620321E+000 -0.519295685089021E+001 -0.726764530678513E+001 -0.726764530678513E+001
  0.673026264949240E+002  0.325117964890973E+000  0.674882035109027E+000 -0.519295685089021E+001 -0.726801439966263E+001 -0.726801439966263E+001
  0.673410589581698E+002  0.326475796138584E+000  0.673524203861416E+000 -0.519295685089021E+001 -0.726742686991553E+001 -0.726742686991553E+001
  0.673724144878046E+002  0.326040432730579E+000  0.673959567269421E+000 -0.519295685089021E+001 -0.726719918088693E+001 -0.726719918088693E+001
  0.673905402409606E+002  0.323600958784093E+000  0.676399041215907E+000 -0.519295685089021E+001 -0.726804899005265E+001 -0.726804899005265E+001
  0.672385825482046E+002  0.327092407465949E+000  0.672907592534051E+000 -0.519295685089021E+001 -0.726817651720681E+001 -0.726817651720681E+001
  0.673300008022375E+002  0.325354715878544E+000  0.674645284121456E+000 -0.519295685089021E+001 -0.726752212180326E+001 -0.726752212180326E+001
  0.673074422990187E+002  0.326212691227389E+000  0.673787308772611E+000 -0.519295685089021E+001 -0.726755646239666E+001 -0.726755646239666E+001
  0.672627098716569E+002  0.325500628983599E+000  0.674499371016401E+000 -0.519295685089021E+001 -0.726836905932122E+001 -0.726836905932121E+001
  0.674319446105407E+002  0.326945215899216E+000  0.673054784100784E+000 -0.519295685089021E+001 -0.726809467009610E+001 -0.726809467009610E+001
  0.673201886881876E+002  0.324461800382288E+000  0.675538199617712E+000 -0.519295685089021E+001 -0.726830420017086E+001 -0.726830420017086E+001
  0.672478297199484E+002  0.326029763599478E+000  0.673970236400522E+000 -0.519295685089021E+001 -0.726827505949344E+001 -0.726827505949344E+001
  0.673620780952053E+002  0.324178938166899E+000  0.675821061833101E+000 -0.519295685089021E+001 -0.726789528769266E+001 -0.726789528769266E+001
  0.674472964340481E+002  0.326362070975847E+000  0.673637929024153E+000 -0.519295685089021E+001 -0.726757084633546E+001 -0.726757084633545E+001
  0.672513918626806E+002  0.327379541880746E+000  0.672620458119254E+000 -0.519295685089021E+001 -0.726814989880407E+001 -0.726814989880407E+001
  0.675124073152664E+002  0.323552102421698E+000  0.676447897578302E+000 -0.519295685089021E+001 -0.726682492731186E+001 -0.726682492731186E+001
  0.673845489955678E+002  0.323456445556757E+000  0.676543554443243E+000 -0.519295685089021E+001 -0.726832351028742E+001 -0.726832351028742E+001
  0.672499002252545E+002  0.326416297022447E+000  0.673583702977553E+000 -0.519295685089021E+001 -0.726810323340244E+001 -0.726810323340244E+001
  0.673290393647472E+002  0.326561204213235E+000  0.673438795786765E+000 -0.519295685089021E+001 -0.726749495799359E+001 -0.726749495799359E+001
  0.673040271676908E+002  0.327426374314735E+000  0.672573625685265E+000 -0.519295685089021E+001 -0.726801051849618E+001 -0.726801051849618E+001
  0.673624621869183E+002  0.324870672485361E+000  0.675129327514639E+000 -0.519295685089021E+001 -0.726738796030603E+001 -0.726738796030603E+001
  0.673579353135226E+002  0.324012263374283E+000  0.675987736625717E+000 -0.519295685089021E+001 -0.726813041922256E+001 -0.726813041922256E+001
  0.674309962648743E+002  0.323011340131224E+000  0.676988659868776E+000 -0.519295685089021E+001 -0.726810364212300E+001 -0.726810364212300E+001
  0.673345581629086E+002  0.326211382177251E+000  0.673788617822749E+000 -0.519295685089021E+001 -0.726738186079854E+001 -0.726738186079853E+001
