  0.684582575659157E+002  0.405040732548886E+000  0.822457623286251E+000  0.671466589942936E+000 -0.227498355835137E+000 -0.762657020629066E+001 -0.296301970507420E+001 -0.296301970507420E+001
  0.671902836553441E+002  0.356780581800821E+000  0.709459893415039E+000  0.652541989457351E+000 -0.662404752158600E-001 -0.762657020629066E+001 -0.297515534679886E+001 -0.297515534679886E+001
  0.692372015607751E+002  0.354335852309267E+000  0.781257248763821E+000  0.661870709221773E+000 -0.135593101073088E+000 -0.762657020629066E+001 -0.297832821258408E+001 -0.297832821258408E+001
  0.678260519029567E+002  0.388975741546033E+000  0.782880814043511E+000  0.684368086094866E+000 -0.171856555589543E+000 -0.762657020629066E+001 -0.297686437771890E+001 -0.297686437771890E+001
  0.678890385577552E+002  0.323264783955930E+000  0.695789083218571E+000  0.678600712617646E+000 -0.190538671745010E-001 -0.762657020629066E+001 -0.298988073103354E+001 -0.298988073103354E+001
  0.679617774982906E+002  0.357996732749163E+000  0.745911546287551E+000  0.639961023581708E+000 -0.103908279036714E+000 -0.762657020629066E+001 -0.296794499989681E+001 -0.296794499989681E+001
  0.693478853744044E+002  0.386548486132490E+000  0.830365416412750E+000  0.667485305217742E+000 -0.216913902545240E+000 -0.762657020629066E+001 -0.296532959039362E+001 -0.296532959039362E+001
  0.677859899696627E+002  0.350987132788925E+000  0.727312932365196E+000  0.685935967935895E+000 -0.783000651541214E-001 -0.762657020629066E+001 -0.296948374852862E+001 -0.296948374852862E+001
  0.684282344052628E+002  0.358674942493729E+000  0.769648350199337E+000  0.642200572994627E+000 -0.128323292693066E+000 -0.762657020629066E+001 -0.298046702313738E+001 -0.298046702313738E+001
  0.693768309762571E+002  0.371384460567851E+000  0.807917642151892E+000  0.654970456789234E+000 -0.179302102719743E+000 -0.762657020629066E+001 -0.297241871799590E+001 -0.297241871799590E+001
  0.673636237091418E+002  0.341273704764677E+000  0.681748037165939E+000  0.663513616292782E+000 -0.230217419306167E-001 -0.762657020629066E+001 -0.299157218011943E+001 -0.299157218011942E+001
  0.687779457391008E+002  0.396375362013526E+000  0.819871856934553E+000  0.649696613076619E+000 -0.216247218948079E+000 -0.762657020629066E+001 -0.295936345892584E+001 -0.295936345892584E+001
  0.678382044474384E+002  0.370294437489609E+000  0.764668668744925E+000  0.650582242876784E+000 -0.134963106234534E+000 -0.762657020629066E+001 -0.294306310694054E+001 -0.294306310694054E+001
  0.679002581571203E+002  0.386257906844420E+000  0.786730422865078E+000  0.652158346190233E+000 -0.172988329709497E+000 -0.762657020629066E+001 -0.294630478194449E+001 -0.294630478194449E+001
  0.677871811546935E+002  0.361523778013556E+000  0.747630693791042E+000  0.674098681633206E+000 -0.109154471804598E+000 -0.762657020629066E+001 -0.293874038082245E+001 -0.293874038082245E+001
  0.668727017828175E+002  0.357171299375817E+000  0.710120841849485E+000  0.652976500347939E+000 -0.672921412253019E-001 -0.762657020629066E+001 -0.298378738133481E+001 -0.298378738133481E+001
  0.688063657099177E+002  0.394048670446252E+000  0.810579150008766E+000  0.643950036946478E+000 -0.204627820455018E+000 -0.762657020629066E+001 -0.298369636063613E+001 -0.298369636063613E+001
  0.696802586404793E+002  0.384697716245606E+000  0.830498284694078E+000  0.663863711477611E+000 -0.215196000939683E+000 -0.762657020629066E+001 -0.298105523297532E+001 -0.298105523297532E+001
  0.681088687090267E+002  0.349795227283718E+000  0.740229147205954E+000  0.653325378005227E+000 -0.900243744896722E-001 -0.762657020629066E+001 -0.294049872912005E+001 -0.294049872912005E+001
  0.680071850902826E+002  0.351639043299660E+000  0.712527719003852E+000  0.663207472925312E+000 -0.641667623035118E-001 -0.762657020629066E+001 -0.298314885760942E+001 -0.298314885760942E+001
  0.684106634716273E+002  0.363646876952422E+000  0.775980532075215E+000  0.673678257287186E+000 -0.139627409027636E+000 -0.762657020629066E+001 -0.294894561454370E+001 -0.294894561454369E+001
  0.682255041191268E+002  0.412440986485281E+000  0.838626055763321E+000  0.676003091769275E+000 -0.251067042248603E+000 -0.762657020629066E+001 -0.298449934258679E+001 -0.298449934258679E+001
  0.688151064373340E+002  0.355039912345035E+000  0.774235113797817E+000  0.652092038047139E+000 -0.129275026142851E+000 -0.762657020629066E+001 -0.297076234110371E+001 -0.297076234110371E+001
  0.682726843248762E+002  0.328736402882142E+000  0.699040168992144E+000  0.666103194209778E+000 -0.277765718742855E-001 -0.762657020629066E+001 -0.296789658231956E+001 -0.296789658231956E+001
  0.692503072514166E+002  0.341173254957874E+000  0.756051882361115E+000  0.657169866913280E+000 -0.972251373189894E-001 -0.762657020629066E+001 -0.299370220988410E+001 -0.299370220988410E+001
  0.682358602573104E+002  0.345505507813508E+000  0.720458571707561E+000  0.683181128902968E+000 -0.659640795210691E-001 -0.762657020629066E+001 -0.297676641585611E+001 -0.297676641585611E+001
  0.680557639710039E+002  0.380361632502659E+000  0.794081592450510E+000  0.685505621348403E+000 -0.174443224953168E+000 -0.762657020629066E+001 -0.298464177242831E+001 -0.298464177242831E+001
  0.683529601443919E+002  0.321816149596989E+000  0.696153933100476E+000  0.660878079702373E+000 -0.179700826974645E-001 -0.762657020629066E+001 -0.297949089389094E+001 -0.297949089389094E+001
  0.688833641388820E+002  0.403363557695446E+000  0.842458420882024E+000  0.660104997174525E+000 -0.245821978577470E+000 -0.762657020629066E+001 -0.295876920110562E+001 -0.295876920110562E+001
  0.681525227848413E+002  0.339243840728641E+000  0.728966365296346E+000  0.655711885918377E+000 -0.682102060249872E-001 -0.762657020629066E+001 -0.295632135279459E+001 -0.295632135279459E+001
  0.696171328373444E+002  0.375888401882004E+000  0.805108918322819E+000  0.664169376356970E+000 -0.180997320204823E+000 -0.762657020629066E+001 -0.298521008262916E+001 -0.298521008262916E+001
  0.693269661304810E+002  0.378794012577720E+000  0.804797781454748E+000  0.674783866840731E+000 -0.183591794032468E+000 -0.762657020629066E+001 -0.296913500715133E+001 -0.296913500715133E+001
  0.691075222309067E+002  0.365087975951488E+000  0.795934987376570E+000  0.684383583127282E+000 -0.161022963328058E+000 -0.762657020629066E+001 -0.299459786820698E+001 -0.299459786820698E+001
  0.687299696294651E+002  0.381536680927131E+000  0.805624005238962E+000  0.689052304137924E+000 -0.187160686166093E+000 -0.762657020629066E+001 -0.298274347009096E+001 -0.298274347009096E+001
  0.683182460448082E+002  0.379138946857944E+000  0.771262205092804E+000  0.657097421217360E+000 -0.150401151950749E+000 -0.762657020629066E+001 -0.295037333034094E+001 -0.295037333034094E+001
  0.692479171465473E+002  0.373766150683448E+000  0.815846567083467E+000  0.653257918435202E+000 -0.189612717766915E+000 -0.762657020629066E+001 -0.298610826837520E+001 -0.298610826837520E+001
  0.677873952218721E+002  0.348569199548354E+000  0.703317480373542E+000  0.666334727095225E+000 -0.518866799218967E-001 -0.762657020629066E+001 -0.298090661712392E+001 -0.298090661712392E+001
  0.680370024348876E+002  0.402751779706414E+000  0.805260449650707E+000  0.669806818000912E+000 -0.208012229357121E+000 -0.762657020629066E+001 -0.296832387138463E+001 -0.296832387138463E+001
  0.688367942351962E+002  0.373267357819528E+000  0.792303465408794E+000  0.676404456443314E+000 -0.165570823228322E+000 -0.762657020629066E+001 -0.294628507518676E+001 -0.294628507518676E+001
  0.691110656975378E+002  0.352593839790826E+000  0.767658070594861E+000  0.659853072273705E+000 -0.120251910385688E+000 -0.762657020629066E+001 -0.296085204896504E+001 -0.296085204896504E+001
  0.670935063808644E+002  0.346656203341640E+000  0.712811438283423E+000  0.661865374180842E+000 -0.594676416250632E-001 -0.762657020629066E+001 -0.297275890440325E+001 -0.297275890440325E+001
  0.680029496622737E+002  0.353361113489850E+000  0.757446606280370E+000  0.671057669675975E+000 -0.110807719770221E+000 -0.762657020629066E+001 -0.297703944577368E+001 -0.297703944577368E+001
  0.674956190220401E+002  0.365815627738879E+000  0.731600612989197E+000  0.665226100446406E+000 -0.974162407280756E-001 -0.762657020629066E+001 -0.295236191452812E+001 -0.295236191452812E+001
  0.692934367378262E+002  0.374870394802333E+000  0.822280357787637E+000  0.657984482505315E+000 -0.197150752589970E+000 -0.762657020629066E+001 -0.299732429288481E+001 -0.299732429288481E+001
  0.688219657042328E+002  0.407084037096641E+000  0.847687396678438E+000  0.644119461080906E+000 -0.254771433775080E+000 -0.762657020629066E+001 -0.299372391425408E+001 -0.299372391425408E+001
  0.682242460487237E+002  0.388850224876978E+000  0.790478852015807E+000  0.636950632320158E+000 -0.179329076892786E+000 -0.762657020629066E+001 -0.299377933827769E+001 -0.299377933827769E+001
  0.668595683616168E+002  0.366213657723637E+000  0.713104051320686E+000  0.664627194134616E+000 -0.793177090443229E-001 -0.762657020629066E+001 -0.299584015412736E+001 -0.299584015412736E+001
  0.691475950901652E+002  0.334465117259187E+000  0.744566169622268E+000  0.665724103009779E+000 -0.790312868814549E-001 -0.762657020629066E+001 -0.299835718489970E+001 -0.299835718489970E+001
  0.670242211759864E+002  0.375988070132332E+000  0.753959089084058E+000  0.676939306586420E+000 -0.129947159216390E+000 -0.762657020629066E+001 -0.299347503324236E+001 -0.299347503324236E+001
  0.690258651925337E+002  0.358184516995778E+000  0.787387021601608E+000  0.677270828168988E+000 -0.145571538597386E+000 -0.762657020629066E+001 -0.299128515044321E+001 -0.299128515044321E+001
  0.675628235949371E+002  0.380273237670228E+000  0.769785280883531E+000  0.672526112085030E+000 -0.150058518553759E+000 -0.762657020629066E+001 -0.295138016835428E+001 -0.295138016835428E+001
  0.686231674866660E+002  0.340536081391376E+000  0.718790626755159E+000  0.647641604598576E+000 -0.593267081465347E-001 -0.762657020629066E+001 -0.299767497868869E+001 -0.299767497868869E+001
  0.693970714041396E+002  0.381009758739440E+000  0.805823483329008E+000  0.669585508276300E+000 -0.186833242068448E+000 -0.762657020629066E+001 -0.297476273586204E+001 -0.297476273586203E+001
  0.677294497113817E+002  0.377717766013405E+000  0.760993020573135E+000  0.646466816169783E+000 -0.138710786586540E+000 -0.762657020629066E+001 -0.296117446490146E+001 -0.296117446490146E+001
  0.687984114018169E+002  0.393022399082599E+000  0.800607486137174E+000  0.671145889158209E+000 -0.193629885219773E+000 -0.762657020629066E+001 -0.298412854336054E+001 -0.298412854336054E+001
  0.680828676776205E+002  0.368404148484486E+000  0.740694625425506E+000  0.653032222027450E+000 -0.109098773909992E+000 -0.762657020629066E+001 -0.298526734803397E+001 -0.298526734803397E+001
  0.674304156613972E+002  0.385898088895501E+000  0.781774072208608E+000  0.666116599996360E+000 -0.167672161104109E+000 -0.762657020629066E+001 -0.296800248646922E+001 -0.296800248646922E+001
  0.690860341507168E+002  0.351997489973663E+000  0.770339067848850E+000  0.644694712071558E+000 -0.122336557822513E+000 -0.762657020629066E+001 -0.299181044736206E+001 -0.299181044736206E+001
  0.681239911987846E+002  0.374431921692868E+000  0.783368959929238E+000  0.677944090364684E+000 -0.157800881622106E+000 -0.762657020629066E+001 -0.295238439902851E+001 -0.295238439902851E+001
  0.671563007202340E+002  0.381358789275402E+000  0.753879612198754E+000  0.665159579838177E+000 -0.135238401474156E+000 -0.762657020629066E+001 -0.297097658383654E+001 -0.297097658383654E+001
  0.686546187939268E+002  0.368721433783132E+000  0.759210927077500E+000  0.676346810059680E+000 -0.127932360860631E+000 -0.762657020629066E+001 -0.298019047957898E+001 -0.298019047957898E+001
  0.683718511185627E+002  0.345434738364226E+000  0.735648619318925E+000  0.683920392190475E+000 -0.810833576831513E-001 -0.762657020629066E+001 -0.296856613325266E+001 -0.296856613325266E+001
  0.683684589760684E+002  0.390765639733851E+000  0.805912962393736E+000  0.652088242188761E+000 -0.196678602127587E+000 -0.762657020629066E+001 -0.294332968308604E+001 -0.294332968308604E+001
  0.684578205521967E+002  0.396599786870956E+000  0.803841604043466E+000  0.667631076102211E+000 -0.200441390914423E+000 -0.762657020629066E+001 -0.295855485301091E+001 -0.295855485301091E+001
  0.681532615994166E+002  0.365198137642840E+000  0.754213901744062E+000  0.648837318804193E+000 -0.119412039386901E+000 -0.762657020629066E+001 -0.294097502271025E+001 -0.294097502271025E+001
  0.680600197798048E+002  0.390566308356656E+000  0.774961038302025E+000  0.659145966881963E+000 -0.165527346658681E+000 -0.762657020629066E+001 -0.298896170578151E+001 -0.298896170578151E+001
  0.690665695683568E+002  0.383187050842967E+000  0.819470802543061E+000  0.660842240706995E+000 -0.202657853386029E+000 -0.762657020629066E+001 -0.295159691916873E+001 -0.295159691916873E+001
  0.690984115594645E+002  0.394976537055987E+000  0.814701256990831E+000  0.677744554150644E+000 -0.209677794046818E+000 -0.762657020629066E+001 -0.299243817624584E+001 -0.299243817624584E+001
  0.681603034267375E+002  0.341327613186787E+000  0.726584770754189E+000  0.681042935885586E+000 -0.679123839409757E-001 -0.762657020629066E+001 -0.296385724805037E+001 -0.296385724805037E+001
  0.695720769741553E+002  0.380947336343081E+000  0.833331090399511E+000  0.655678283701455E+000 -0.214278426742593E+000 -0.762657020629066E+001 -0.299843658633442E+001 -0.299843658633442E+001
  0.671620969899039E+002  0.371899679598130E+000  0.728172748040485E+000  0.657222823097466E+000 -0.100072427638615E+000 -0.762657020629066E+001 -0.298680593581336E+001 -0.298680593581336E+001
  0.672652378159672E+002  0.382033215976845E+000  0.762973105482316E+000  0.663823635536525E+000 -0.145006321459161E+000 -0.762657020629066E+001 -0.296296253300671E+001 -0.296296253300671E+001
  0.695506366101639E+002  0.403357341150855E+000  0.861335730696881E+000  0.653959934128416E+000 -0.264693071847736E+000 -0.762657020629066E+001 -0.299739467148599E+001 -0.299739467148599E+001
  0.679083806343505E+002  0.386199263053342E+000  0.776356061882156E+000  0.672826662140109E+000 -0.162555324935498E+000 -0.762657020629066E+001 -0.295250586015801E+001 -0.295250586015801E+001
  0.684006818562698E+002  0.341610865177331E+000  0.727664053064528E+000  0.648010026793454E+000 -0.692749182418589E-001 -0.762657020629066E+001 -0.296113618808733E+001 -0.296113618808733E+001
  0.692040589653021E+002  0.397015634628163E+000  0.836035760426058E+000  0.682595747839632E+000 -0.233051395054221E+000 -0.762657020629066E+001 -0.298411887311190E+001 -0.298411887311189E+001
  0.684872971630583E+002  0.329089449697491E+000  0.727679671273423E+000  0.672532046674649E+000 -0.567691209709134E-001 -0.762657020629066E+001 -0.299868167493021E+001 -0.299868167493021E+001
  0.684860983177175E+002  0.337518513958243E+000  0.718547300767508E+000  0.646294571797437E+000 -0.560658147257516E-001 -0.762657020629066E+001 -0.298007730257670E+001 -0.298007730257670E+001
  0.688015538044273E+002  0.399515878476229E+000  0.847056018093140E+000  0.654658628088335E+000 -0.246571896569370E+000 -0.762657020629066E+001 -0.299149021228270E+001 -0.299149021228270E+001
  0.685376520701466E+002  0.403409050757231E+000  0.828283454939995E+000  0.640868808696544E+000 -0.231692505697226E+000 -0.762657020629066E+001 -0.299062084451975E+001 -0.299062084451975E+001
  0.675522993359330E+002  0.383693022757608E+000  0.781225062460838E+000  0.674695782491417E+000 -0.164918085218447E+000 -0.762657020629066E+001 -0.296676895502457E+001 -0.296676895502457E+001
  0.690159341004484E+002  0.355528697156380E+000  0.760223431806755E+000  0.668754327101787E+000 -0.115752128963135E+000 -0.762657020629066E+001 -0.295773625695306E+001 -0.295773625695306E+001
  0.682422623067655E+002  0.389382448974746E+000  0.787461768384350E+000  0.653380049442040E+000 -0.176844217359096E+000 -0.762657020629066E+001 -0.295619378476492E+001 -0.295619378476492E+001
  0.679261207326864E+002  0.410251330630847E+000  0.819007800605388E+000  0.667150160349227E+000 -0.229259131236236E+000 -0.762657020629066E+001 -0.297773408376629E+001 -0.297773408376629E+001
  0.676514514277094E+002  0.321610234375424E+000  0.685788097977227E+000  0.653902637858939E+000 -0.739833235265086E-002 -0.762657020629066E+001 -0.298347806888169E+001 -0.298347806888169E+001
  0.676459963930916E+002  0.371799071532854E+000  0.777306298765717E+000  0.655459180274968E+000 -0.149105370298571E+000 -0.762657020629066E+001 -0.298925862724855E+001 -0.298925862724855E+001
  0.685813033611877E+002  0.337597150276424E+000  0.733950334650022E+000  0.653820300472414E+000 -0.715474849264452E-001 -0.762657020629066E+001 -0.296567629322738E+001 -0.296567629322738E+001
  0.684523016015178E+002  0.378046405352871E+000  0.795631490649484E+000  0.643925430538234E+000 -0.173677896002355E+000 -0.762657020629066E+001 -0.296158341439612E+001 -0.296158341439612E+001
  0.669823694938154E+002  0.342273647482409E+000  0.676076167145787E+000  0.668696379954495E+000 -0.183498146281955E-001 -0.762657020629066E+001 -0.299845672172131E+001 -0.299845672172131E+001
  0.693451403016096E+002  0.374965453659266E+000  0.812604204470121E+000  0.643284325675796E+000 -0.187569658129387E+000 -0.762657020629066E+001 -0.299569688598241E+001 -0.299569688598241E+001
  0.675142622477689E+002  0.360325614209217E+000  0.751028553703297E+000  0.650468451901796E+000 -0.111354167912515E+000 -0.762657020629066E+001 -0.297861684534324E+001 -0.297861684534324E+001
  0.690090197502240E+002  0.403846372947772E+000  0.839426903625798E+000  0.683705144776841E+000 -0.243273276573570E+000 -0.762657020629066E+001 -0.298844524617465E+001 -0.298844524617465E+001
  0.679834943278448E+002  0.396850832977864E+000  0.806521509448488E+000  0.655403711055036E+000 -0.203372342426352E+000 -0.762657020629066E+001 -0.295381260539408E+001 -0.295381260539408E+001
  0.693547925929292E+002  0.359789737252173E+000  0.774605725643497E+000  0.665761345795741E+000 -0.134395462895669E+000 -0.762657020629066E+001 -0.297450007218831E+001 -0.297450007218831E+001
  0.676652190432250E+002  0.364450696427655E+000  0.725453416439479E+000  0.661909378323249E+000 -0.899041128671346E-001 -0.762657020629066E+001 -0.297470143014345E+001 -0.297470143014345E+001
  0.686844489008351E+002  0.378444123125246E+000  0.806709025145577E+000  0.644275355454164E+000 -0.185153148270823E+000 -0.762657020629066E+001 -0.297606153647609E+001 -0.297606153647609E+001
  0.677765102693266E+002  0.334342616889831E+000  0.714697189642179E+000  0.664311784536906E+000 -0.490398065320092E-001 -0.762657020629066E+001 -0.296661814819540E+001 -0.296661814819540E+001
  0.682086961519278E+002  0.357767751606626E+000  0.746996301724433E+000  0.665341110030718E+000 -0.104764053331060E+000 -0.762657020629066E+001 -0.292613028576789E+001 -0.292613028576789E+001
  0.671758097340850E+002  0.372855691770032E+000  0.742175165134916E+000  0.654722295845559E+000 -0.115030856904948E+000 -0.762657020629066E+001 -0.296654274601087E+001 -0.296654274601086E+001
  0.690290673291145E+002  0.359235466989121E+000  0.779745736140358E+000  0.681868887361400E+000 -0.138981203129479E+000 -0.762657020629066E+001 -0.297709447484210E+001 -0.297709447484210E+001
  0.693075538319652E+002  0.381528356587266E+000  0.808438134827314E+000  0.653280712775667E+000 -0.189966491414580E+000 -0.762657020629066E+001 -0.296677342853799E+001 -0.296677342853799E+001
  0.679634011930357E+002  0.402125050273776E+000  0.809276414443930E+000  0.666554822555186E+000 -0.211401464717706E+000 -0.762657020629066E+001 -0.295887675275198E+001 -0.295887675275198E+001
  0.682285074493423E+002  0.401570824397345E+000  0.812052755694707E+000  0.661585639506328E+000 -0.213623580092052E+000 -0.762657020629066E+001 -0.295368783560791E+001 -0.295368783560791E+001
  0.691423986387432E+002  0.421401702039755E+000  0.874266859494631E+000  0.658654955450180E+000 -0.295668561534386E+000 -0.762657020629066E+001 -0.299854840781013E+001 -0.299854840781013E+001
  0.695882613680535E+002  0.361232636971483E+000  0.789506309078411E+000  0.675397973671396E+000 -0.150738946049894E+000 -0.762657020629066E+001 -0.299401952589532E+001 -0.299401952589532E+001
  0.676021120336785E+002  0.370841944180793E+000  0.764325206636564E+000  0.682685447930268E+000 -0.135167150817357E+000 -0.762657020629066E+001 -0.297573835134840E+001 -0.297573835134840E+001
  0.689733372035356E+002  0.346379805574274E+000  0.763061722873915E+000  0.670069622378627E+000 -0.109441528448188E+000 -0.762657020629066E+001 -0.297710488682930E+001 -0.297710488682929E+001
  0.690684213635918E+002  0.398726602839506E+000  0.836134158782702E+000  0.680562579295894E+000 -0.234860761622207E+000 -0.762657020629066E+001 -0.297564217391471E+001 -0.297564217391471E+001
  0.694336312981649E+002  0.397195084286339E+000  0.835031015588916E+000  0.656176808129211E+000 -0.232226099875255E+000 -0.762657020629066E+001 -0.297961196778408E+001 -0.297961196778408E+001
  0.673268940823634E+002  0.365924371133997E+000  0.735567215523917E+000  0.685036990274067E+000 -0.101491586657913E+000 -0.762657020629066E+001 -0.298158198669606E+001 -0.298158198669606E+001
  0.678994138525440E+002  0.318529505518584E+000  0.679065333200039E+000  0.675633643845054E+000  0.240516128137691E-002 -0.762657020629066E+001 -0.298717393437318E+001 -0.298717393437318E+001
  0.682193849379747E+002  0.335617768334242E+000  0.736466335848864E+000  0.668030900008580E+000 -0.720841041831062E-001 -0.762657020629066E+001 -0.299839392917860E+001 -0.299839392917860E+001
  0.686524745950322E+002  0.337730062438853E+000  0.739453545096576E+000  0.667901476263886E+000 -0.771836075354286E-001 -0.762657020629066E+001 -0.296860725281947E+001 -0.296860725281947E+001
  0.690065900511428E+002  0.397096164256673E+000  0.820151889362910E+000  0.664929381223932E+000 -0.217248053619583E+000 -0.762657020629066E+001 -0.296362145754363E+001 -0.296362145754363E+001
  0.682075046629547E+002  0.317075962761849E+000  0.676027756658526E+000  0.665121675984229E+000  0.689628057962499E-002 -0.762657020629066E+001 -0.299803196693762E+001 -0.299803196693762E+001
  0.682664519644130E+002  0.339203665347934E+000  0.716502416360404E+000  0.687970341497693E+000 -0.557060817083378E-001 -0.762657020629066E+001 -0.299073852640513E+001 -0.299073852640513E+001
  0.685256966885555E+002  0.412149568202297E+000  0.851075919308679E+000  0.671624978585015E+000 -0.263225487510976E+000 -0.762657020629066E+001 -0.298193502724272E+001 -0.298193502724272E+001
  0.678672972589760E+002  0.369998963401113E+000  0.763802574341007E+000  0.658287262341114E+000 -0.133801537742120E+000 -0.762657020629066E+001 -0.293079165147296E+001 -0.293079165147296E+001
  0.694432580124969E+002  0.380345681911063E+000  0.808821305748959E+000  0.668677184068327E+000 -0.189166987660023E+000 -0.762657020629066E+001 -0.297117824623756E+001 -0.297117824623756E+001
  0.677274122398168E+002  0.377297377963949E+000  0.768616067773716E+000  0.659082593834543E+000 -0.145913445737665E+000 -0.762657020629066E+001 -0.293627488359700E+001 -0.293627488359700E+001
  0.681714993403361E+002  0.378556467371436E+000  0.786663999875316E+000  0.655527176449375E+000 -0.165220467246751E+000 -0.762657020629066E+001 -0.293371937954074E+001 -0.293371937954074E+001
  0.688812379632956E+002  0.385854179293462E+000  0.810088214309881E+000  0.653538751832529E+000 -0.195942393603343E+000 -0.762657020629066E+001 -0.294386074343168E+001 -0.294386074343168E+001
  0.678385883307713E+002  0.337785377454659E+000  0.724193246781888E+000  0.661477729642850E+000 -0.619786242365465E-001 -0.762657020629066E+001 -0.296973528072310E+001 -0.296973528072310E+001
  0.678108923610627E+002  0.372634440788349E+000  0.746965108826854E+000  0.664092407728481E+000 -0.119599549615203E+000 -0.762657020629066E+001 -0.295382736891816E+001 -0.295382736891816E+001
  0.687722738068496E+002  0.348741161432315E+000  0.737968632147681E+000  0.677298741751052E+000 -0.867097935799966E-001 -0.762657020629066E+001 -0.297743278210541E+001 -0.297743278210541E+001
  0.672294166794160E+002  0.361980507641139E+000  0.720393564149576E+000  0.679045380664994E+000 -0.823740717907142E-001 -0.762657020629066E+001 -0.297774361571802E+001 -0.297774361571802E+001
  0.681058839109563E+002  0.380409941892031E+000  0.802565699472714E+000  0.655496998405807E+000 -0.182975641364746E+000 -0.762657020629066E+001 -0.298167584622707E+001 -0.298167584622706E+001
  0.679015952963882E+002  0.375881932975257E+000  0.767600573119904E+000  0.678955702197309E+000 -0.143482506095162E+000 -0.762657020629066E+001 -0.294774309609266E+001 -0.294774309609266E+001
  0.690275489714894E+002  0.371243938920296E+000  0.807805844410474E+000  0.647313518703190E+000 -0.179049783330770E+000 -0.762657020629066E+001 -0.299242947795657E+001 -0.299242947795657E+001
  0.687157463743443E+002  0.357973637311240E+000  0.743065433976462E+000  0.669938315550001E+000 -0.101039071287702E+000 -0.762657020629066E+001 -0.298335561924211E+001 -0.298335561924211E+001
  0.684077496174381E+002  0.340658907151366E+000  0.727228213080150E+000  0.660459204178597E+000 -0.678871202315164E-001 -0.762657020629066E+001 -0.294511392763328E+001 -0.294511392763328E+001
  0.672963013395187E+002  0.397689803723768E+000  0.796143056485576E+000  0.658273936554794E+000 -0.193832860209345E+000 -0.762657020629066E+001 -0.299704650467346E+001 -0.299704650467346E+001
  0.694649447909822E+002  0.402048667269873E+000  0.843602389579874E+000  0.662139134313754E+000 -0.245651056849748E+000 -0.762657020629066E+001 -0.298165687537274E+001 -0.298165687537273E+001
  0.686264214107156E+002  0.356604926177092E+000  0.757731501737078E+000  0.642847649094935E+000 -0.114336427914170E+000 -0.762657020629066E+001 -0.296453557327583E+001 -0.296453557327583E+001
  0.676803307041412E+002  0.354774003844732E+000  0.733013261660891E+000  0.654105000728717E+000 -0.877872655056232E-001 -0.762657020629066E+001 -0.293882836965013E+001 -0.293882836965013E+001
  0.689516444320476E+002  0.385501034748272E+000  0.820469329635240E+000  0.665646712716860E+000 -0.205970364383511E+000 -0.762657020629066E+001 -0.294881111933478E+001 -0.294881111933478E+001
  0.685545596502599E+002  0.396695908587179E+000  0.808013134346435E+000  0.676640809506878E+000 -0.204709042933613E+000 -0.762657020629066E+001 -0.296667523400162E+001 -0.296667523400162E+001
  0.676101813851777E+002  0.394396726763428E+000  0.780065025964721E+000  0.676353793427314E+000 -0.174461752728149E+000 -0.762657020629066E+001 -0.298166604937403E+001 -0.298166604937403E+001
  0.688739433281171E+002  0.367514395356508E+000  0.778718938199324E+000  0.639296112277982E+000 -0.146233333555832E+000 -0.762657020629066E+001 -0.298082257351661E+001 -0.298082257351661E+001
  0.667717845221298E+002  0.357146666361620E+000  0.716581407369798E+000  0.662013196860203E+000 -0.737280737314178E-001 -0.762657020629066E+001 -0.298811229368077E+001 -0.298811229368077E+001
  0.678573999941973E+002  0.350203291700938E+000  0.735990052166859E+000  0.660837045623134E+000 -0.861933438677973E-001 -0.762657020629066E+001 -0.293757229069008E+001 -0.293757229069008E+001
  0.688643002240650E+002  0.374231645029436E+000  0.812907854120176E+000  0.665505417784094E+000 -0.187139499149611E+000 -0.762657020629066E+001 -0.298480598096800E+001 -0.298480598096800E+001
  0.688419671810136E+002  0.359000220187916E+000  0.763254495494711E+000  0.652950806785434E+000 -0.122254715682627E+000 -0.762657020629066E+001 -0.294898719354865E+001 -0.294898719354865E+001
  0.687722675239109E+002  0.355731880931718E+000  0.762551373683602E+000  0.637154404837435E+000 -0.118283254615320E+000 -0.762657020629066E+001 -0.299233260319879E+001 -0.299233260319879E+001
  0.692376758634804E+002  0.375649484677388E+000  0.805054744392874E+000  0.671322093615828E+000 -0.180704229070262E+000 -0.762657020629066E+001 -0.295541769623021E+001 -0.295541769623020E+001
  0.671694632079639E+002  0.361463475649182E+000  0.724471046233740E+000  0.655897809734233E+000 -0.859345218829221E-001 -0.762657020629066E+001 -0.295967734391701E+001 -0.295967734391701E+001
  0.690909388707460E+002  0.373702120611913E+000  0.814062808328093E+000  0.649543088454836E+000 -0.187764928940006E+000 -0.762657020629066E+001 -0.299334328003876E+001 -0.299334328003876E+001
  0.680800799943927E+002  0.390714950769024E+000  0.800985243447827E+000  0.645304695929725E+000 -0.191700194216851E+000 -0.762657020629066E+001 -0.296403675013211E+001 -0.296403675013211E+001
  0.687426397169582E+002  0.358068041231326E+000  0.779358559481116E+000  0.661707186669425E+000 -0.137426600712442E+000 -0.762657020629066E+001 -0.296317377813340E+001 -0.296317377813340E+001
  0.690590816821703E+002  0.396577980322012E+000  0.819725890998796E+000  0.671782350861683E+000 -0.216303871320808E+000 -0.762657020629066E+001 -0.297220960350995E+001 -0.297220960350995E+001
  0.685326952758504E+002  0.364844997013601E+000  0.758029687717210E+000  0.638738866523495E+000 -0.122874684730811E+000 -0.762657020629066E+001 -0.298663755282864E+001 -0.298663755282864E+001
  0.682664485037324E+002  0.402286231342567E+000  0.810198022721974E+000  0.674738849389751E+000 -0.212484254064541E+000 -0.762657020629066E+001 -0.296990643837010E+001 -0.296990643837010E+001
  0.688321221258065E+002  0.357804685021907E+000  0.769383873569514E+000  0.688039289921017E+000 -0.127188558591421E+000 -0.762657020629066E+001 -0.298453654998753E+001 -0.298453654998753E+001
  0.678751663961843E+002  0.338995636591875E+000  0.720119502014673E+000  0.650571107562518E+000 -0.591151386065477E-001 -0.762657020629066E+001 -0.296179485537639E+001 -0.296179485537639E+001
  0.668638162605758E+002  0.371316967608195E+000  0.732791186472196E+000  0.669325821099593E+000 -0.104108154080390E+000 -0.762657020629066E+001 -0.298464534319835E+001 -0.298464534319835E+001
  0.691384487920345E+002  0.362297201545242E+000  0.783195640169589E+000  0.639295551727005E+000 -0.145492841714830E+000 -0.762657020629066E+001 -0.299746327799867E+001 -0.299746327799867E+001
  0.690706419548700E+002  0.351779162449011E+000  0.771814253206839E+000  0.657670654036410E+000 -0.123593415655850E+000 -0.762657020629066E+001 -0.297012970870088E+001 -0.297012970870088E+001
  0.675771422874993E+002  0.369537346816511E+000  0.757387048258792E+000  0.638454205698499E+000 -0.126924395075303E+000 -0.762657020629066E+001 -0.298942549902527E+001 -0.298942549902527E+001
  0.680832405973253E+002  0.370669143499073E+000  0.769127607395035E+000  0.656274367677308E+000 -0.139796750894108E+000 -0.762657020629066E+001 -0.292764051813965E+001 -0.292764051813965E+001
  0.690003054852124E+002  0.416356469878200E+000  0.851649977224176E+000  0.664052516547242E+000 -0.268006447102376E+000 -0.762657020629066E+001 -0.298892738280243E+001 -0.298892738280243E+001
  0.688080855018527E+002  0.407363677546299E+000  0.839011381774668E+000  0.650652062407952E+000 -0.246375059320967E+000 -0.762657020629066E+001 -0.297306199543858E+001 -0.297306199543858E+001
  0.676719883554281E+002  0.332679061477441E+000  0.700149550175559E+000  0.672201987519340E+000 -0.328286116530003E-001 -0.762657020629066E+001 -0.295926342437942E+001 -0.295926342437942E+001
  0.683220387597144E+002  0.412111503361576E+000  0.834728056927638E+000  0.653451336045413E+000 -0.246839560289214E+000 -0.762657020629066E+001 -0.297686362540590E+001 -0.297686362540590E+001
  0.671809309885622E+002  0.355466558442527E+000  0.714167102746544E+000  0.680785754541540E+000 -0.696336611890709E-001 -0.762657020629066E+001 -0.297702000939074E+001 -0.297702000939074E+001
  0.682580796174189E+002  0.335260045574100E+000  0.716869430664244E+000  0.666089068811050E+000 -0.521294762383435E-001 -0.762657020629066E+001 -0.295003188273151E+001 -0.295003188273151E+001
  0.687326532341411E+002  0.388295650242237E+000  0.811565041814993E+000  0.668208708504768E+000 -0.199860692057230E+000 -0.762657020629066E+001 -0.293710768291921E+001 -0.293710768291921E+001
  0.687451845851911E+002  0.363625609799775E+000  0.753097026093301E+000  0.658013709318965E+000 -0.116722635893076E+000 -0.762657020629066E+001 -0.297817050382297E+001 -0.297817050382297E+001
  0.677276005101980E+002  0.390273126168402E+000  0.781201499766653E+000  0.656733824374260E+000 -0.171474625935055E+000 -0.762657020629066E+001 -0.295462761641382E+001 -0.295462761641382E+001
  0.690789341854846E+002  0.386541842889098E+000  0.815580995983715E+000  0.649456890230199E+000 -0.202122838872813E+000 -0.762657020629066E+001 -0.295916070472450E+001 -0.295916070472450E+001
  0.679524204814643E+002  0.334832115330899E+000  0.708252256966029E+000  0.649145284293501E+000 -0.430843722969279E-001 -0.762657020629066E+001 -0.296233405638000E+001 -0.296233405638000E+001
  0.685462044166202E+002  0.387265584039644E+000  0.807435944548646E+000  0.654501241518313E+000 -0.194701528588290E+000 -0.762657020629066E+001 -0.293821746024584E+001 -0.293821746024584E+001
  0.687002881029913E+002  0.368119581192893E+000  0.794843729287369E+000  0.682651750274852E+000 -0.162963310480262E+000 -0.762657020629066E+001 -0.298676380024107E+001 -0.298676380024107E+001
  0.674042527420542E+002  0.330352784109482E+000  0.673871302700829E+000  0.680376031299709E+000 -0.422408681031050E-002 -0.762657020629066E+001 -0.299566365646194E+001 -0.299566365646194E+001
  0.670701924516804E+002  0.391228697661867E+000  0.774480526031156E+000  0.662758135266278E+000 -0.165709223693023E+000 -0.762657020629066E+001 -0.299214617815351E+001 -0.299214617815351E+001
  0.687312764183956E+002  0.369795657258931E+000  0.769360500033285E+000  0.644948734473479E+000 -0.139156157292216E+000 -0.762657020629066E+001 -0.297330085141210E+001 -0.297330085141210E+001
  0.682078990412948E+002  0.336661356872634E+000  0.713757423114739E+000  0.672387462689042E+000 -0.504187799873730E-001 -0.762657020629066E+001 -0.295360783479960E+001 -0.295360783479960E+001
  0.693097040770211E+002  0.361179200063947E+000  0.777645866927048E+000  0.671140974643969E+000 -0.138825066990995E+000 -0.762657020629066E+001 -0.297062864971280E+001 -0.297062864971280E+001
  0.675816307265170E+002  0.386638791107614E+000  0.769400057473780E+000  0.682432091828210E+000 -0.156038848581394E+000 -0.762657020629066E+001 -0.298258179130588E+001 -0.298258179130588E+001
  0.689813514071494E+002  0.348669266863762E+000  0.770849087335729E+000  0.661677595306937E+000 -0.119518354199491E+000 -0.762657020629066E+001 -0.298435612608814E+001 -0.298435612608814E+001
  0.683148222298209E+002  0.363063336019150E+000  0.763911866540629E+000  0.636869708627879E+000 -0.126975202559778E+000 -0.762657020629066E+001 -0.297838886897261E+001 -0.297838886897261E+001
  0.674188484532425E+002  0.381706824406804E+000  0.772513371675618E+000  0.677371120006925E+000 -0.154220196082422E+000 -0.762657020629066E+001 -0.297279098995026E+001 -0.297279098995026E+001
  0.669439616945345E+002  0.377020447624689E+000  0.742845407100073E+000  0.668084269499958E+000 -0.119865854724762E+000 -0.762657020629066E+001 -0.298280934772936E+001 -0.298280934772936E+001
  0.693207000751940E+002  0.350743584033059E+000  0.770202967880371E+000  0.671184408234251E+000 -0.120946551913430E+000 -0.762657020629066E+001 -0.298097321793892E+001 -0.298097321793892E+001
  0.683702191781132E+002  0.347762668935081E+000  0.727100047017879E+000  0.639927888302471E+000 -0.748627159529602E-001 -0.762657020629066E+001 -0.299220577932412E+001 -0.299220577932412E+001
  0.684239717428259E+002  0.352564981924928E+000  0.727464373333603E+000  0.671982669170665E+000 -0.800293552585318E-001 -0.762657020629066E+001 -0.297988140346222E+001 -0.297988140346221E+001
  0.677862463340194E+002  0.379467843085233E+000  0.749991270537100E+000  0.675691207210624E+000 -0.129459113622333E+000 -0.762657020629066E+001 -0.299577162030593E+001 -0.299577162030593E+001
  0.686833832846583E+002  0.348254180475924E+000  0.757282351024123E+000  0.682984733017157E+000 -0.105536531500047E+000 -0.762657020629066E+001 -0.298211563692751E+001 -0.298211563692751E+001
  0.687826835875786E+002  0.383875007274389E+000  0.799184055259856E+000  0.682048874625643E+000 -0.183059062534244E+000 -0.762657020629066E+001 -0.296281650811189E+001 -0.296281650811188E+001
  0.677010952051477E+002  0.400405160114752E+000  0.793128040434998E+000  0.653041380420920E+000 -0.193533200549749E+000 -0.762657020629066E+001 -0.298177031720712E+001 -0.298177031720712E+001
  0.684601934679493E+002  0.387275588028860E+000  0.789740158394187E+000  0.684008477091862E+000 -0.177015746423047E+000 -0.762657020629066E+001 -0.297769733221438E+001 -0.297769733221438E+001
  0.673648746609784E+002  0.382262740850094E+000  0.766360994658358E+000  0.668129619171832E+000 -0.148623735508452E+000 -0.762657020629066E+001 -0.295870405826746E+001 -0.295870405826746E+001
  0.684474367550761E+002  0.411750494849778E+000  0.847185091400346E+000  0.648817318917143E+000 -0.258935586250124E+000 -0.762657020629066E+001 -0.299177417167546E+001 -0.299177417167545E+001
  0.691816240433872E+002  0.401822420244612E+000  0.847809455377849E+000  0.676486241825801E+000 -0.249631875622461E+000 -0.762657020629066E+001 -0.297765618443078E+001 -0.297765618443078E+001
  0.673993497701467E+002  0.360625255983189E+000  0.740788046633263E+000  0.680919046435237E+000 -0.101413302616451E+000 -0.762657020629066E+001 -0.297236106984881E+001 -0.297236106984881E+001
  0.674348567906808E+002  0.378414609798342E+000  0.764390407092562E+000  0.640328132016380E+000 -0.142805016890904E+000 -0.762657020629066E+001 -0.299221237722033E+001 -0.299221237722033E+001
  0.681477514228821E+002  0.366187336705925E+000  0.762373556768075E+000  0.652066936445753E+000 -0.128560893473999E+000 -0.762657020629066E+001 -0.293157148485829E+001 -0.293157148485829E+001
  0.685288558606798E+002  0.347324070113649E+000  0.726895739666324E+000  0.644938702927495E+000 -0.742198097799722E-001 -0.762657020629066E+001 -0.299153530503361E+001 -0.299153530503361E+001
  0.675427909161399E+002  0.324536752610998E+000  0.671713097823694E+000  0.657413325334295E+000  0.375014956530850E-002 -0.762657020629066E+001 -0.297787206955914E+001 -0.297787206955914E+001
  0.680505550403159E+002  0.395145226934106E+000  0.797387876731070E+000  0.685569264328677E+000 -0.192533103665176E+000 -0.762657020629066E+001 -0.298286099252110E+001 -0.298286099252110E+001
  0.681471127820978E+002  0.377582722964141E+000  0.791843620244843E+000  0.669175058493975E+000 -0.169426343208985E+000 -0.762657020629066E+001 -0.294808477040705E+001 -0.294808477040705E+001
  0.677056798102993E+002  0.343942490553841E+000  0.734243591001639E+000  0.669695358067655E+000 -0.781860815554798E-001 -0.762657020629066E+001 -0.298274143489449E+001 -0.298274143489449E+001
  0.678393004040852E+002  0.322730065967618E+000  0.685219503098530E+000  0.665989573430001E+000 -0.794956906614841E-002 -0.762657020629066E+001 -0.296806805559771E+001 -0.296806805559771E+001
  0.684549020775563E+002  0.340479908474065E+000  0.745248925426517E+000  0.663015767215070E+000 -0.857288339005822E-001 -0.762657020629066E+001 -0.297502516990563E+001 -0.297502516990563E+001
  0.682118223429382E+002  0.345818300441639E+000  0.736444826788548E+000  0.690038098736486E+000 -0.822631272301874E-001 -0.762657020629066E+001 -0.298880537766302E+001 -0.298880537766302E+001
  0.684283717492457E+002  0.365009502339190E+000  0.759307718330892E+000  0.646642523901779E+000 -0.124317220670082E+000 -0.762657020629066E+001 -0.295046413244436E+001 -0.295046413244436E+001
  0.677657897358557E+002  0.403815206043833E+000  0.810692590177068E+000  0.680060745842415E+000 -0.214507796220901E+000 -0.762657020629066E+001 -0.298854185056133E+001 -0.298854185056133E+001
  0.688955255287845E+002  0.389619905415728E+000  0.807959208947641E+000  0.650166573741331E+000 -0.197579114363369E+000 -0.762657020629066E+001 -0.296157012618225E+001 -0.296157012618225E+001
  0.684684785299549E+002  0.392414009797940E+000  0.818966503928548E+000  0.674634012111284E+000 -0.211380513726488E+000 -0.762657020629066E+001 -0.295515313699710E+001 -0.295515313699710E+001
  0.689725209649826E+002  0.405780553299508E+000  0.844102479601645E+000  0.642129346297240E+000 -0.249883032901153E+000 -0.762657020629066E+001 -0.299672340499911E+001 -0.299672340499911E+001
  0.690914154924720E+002  0.380173317287888E+000  0.800817371747976E+000  0.680842918331984E+000 -0.180990689035864E+000 -0.762657020629066E+001 -0.296975182647174E+001 -0.296975182647174E+001
  0.689031363458192E+002  0.345495587421404E+000  0.757868967672593E+000  0.652285423256431E+000 -0.103364555093997E+000 -0.762657020629066E+001 -0.297651634568507E+001 -0.297651634568507E+001
  0.696241349633030E+002  0.380521862168551E+000  0.810520975194210E+000  0.674811005236868E+000 -0.191042837362762E+000 -0.762657020629066E+001 -0.299757729016721E+001 -0.299757729016721E+001
  0.672411158087408E+002  0.329989322540849E+000  0.682034858932961E+000  0.681196540050018E+000 -0.120241814738098E-001 -0.762657020629066E+001 -0.298987156041665E+001 -0.298987156041665E+001
  0.693523119651999E+002  0.346998406131219E+000  0.766772514997333E+000  0.651533359911150E+000 -0.113770921128552E+000 -0.762657020629066E+001 -0.299864432252437E+001 -0.299864432252437E+001
  0.669028848903605E+002  0.354305690789156E+000  0.710193788823824E+000  0.677562980075507E+000 -0.644994796129803E-001 -0.762657020629066E+001 -0.298592614682118E+001 -0.298592614682118E+001
  0.686458203762049E+002  0.387753974372967E+000  0.802707042294175E+000  0.662552053454777E+000 -0.190461016667142E+000 -0.762657020629066E+001 -0.293523930704209E+001 -0.293523930704209E+001
  0.672151808805783E+002  0.374465551655916E+000  0.753946058082831E+000  0.649664997583392E+000 -0.128411609738747E+000 -0.762657020629066E+001 -0.297658811519819E+001 -0.297658811519819E+001
  0.678984742821017E+002  0.365052319954899E+000  0.754964129212113E+000  0.683203099063532E+000 -0.120016449167012E+000 -0.762657020629066E+001 -0.295605567014124E+001 -0.295605567014124E+001
  0.686577805567654E+002  0.392613080080257E+000  0.814051218502277E+000  0.667561187170063E+000 -0.206664298582534E+000 -0.762657020629066E+001 -0.293908429242719E+001 -0.293908429242719E+001
  0.679607494790508E+002  0.358230347198621E+000  0.753831816895944E+000  0.672710885686773E+000 -0.112062164094565E+000 -0.762657020629066E+001 -0.294406637221081E+001 -0.294406637221081E+001
  0.689633705992169E+002  0.343207656044795E+000  0.751352916369336E+000  0.667894989427489E+000 -0.945605724141307E-001 -0.762657020629066E+001 -0.296769351267426E+001 -0.296769351267426E+001
  0.690843941049541E+002  0.386175759906614E+000  0.833372309600668E+000  0.659876928992669E+000 -0.219548069507282E+000 -0.762657020629066E+001 -0.298162759489153E+001 -0.298162759489153E+001
  0.675359763115744E+002  0.372542149024678E+000  0.759262058842566E+000  0.654899742173830E+000 -0.131804207867244E+000 -0.762657020629066E+001 -0.294731323564104E+001 -0.294731323564104E+001
  0.678600777182763E+002  0.388418123673795E+000  0.774949043545224E+000  0.660225453341577E+000 -0.163367167219019E+000 -0.762657020629066E+001 -0.295868507069871E+001 -0.295868507069871E+001
  0.683988925536593E+002  0.389656452508088E+000  0.818711091651485E+000  0.671009348584547E+000 -0.208367544159573E+000 -0.762657020629066E+001 -0.296298303766773E+001 -0.296298303766773E+001
  0.683180526308920E+002  0.335228221487884E+000  0.714393113158905E+000  0.686530708792397E+000 -0.496213346467890E-001 -0.762657020629066E+001 -0.299014872255069E+001 -0.299014872255069E+001
  0.678523000546960E+002  0.405345480005595E+000  0.802227339462843E+000  0.665949660852326E+000 -0.207572819468438E+000 -0.762657020629066E+001 -0.298157839102085E+001 -0.298157839102085E+001
  0.684041846264062E+002  0.341104949852101E+000  0.741161466808789E+000  0.648719164055984E+000 -0.822664166608903E-001 -0.762657020629066E+001 -0.297754804463625E+001 -0.297754804463625E+001
  0.687337024426722E+002  0.352448663535960E+000  0.754723121966419E+000  0.688127076302176E+000 -0.107171785502378E+000 -0.762657020629066E+001 -0.298452607403876E+001 -0.298452607403876E+001
  0.682378988523044E+002  0.337990053993860E+000  0.722300731623164E+000  0.668314714194394E+000 -0.602907856170236E-001 -0.762657020629066E+001 -0.294742878448168E+001 -0.294742878448167E+001
  0.682357612757544E+002  0.347259958631305E+000  0.734581093505287E+000  0.680979601386607E+000 -0.818410521365913E-001 -0.762657020629066E+001 -0.295656481708714E+001 -0.295656481708714E+001
  0.693542060124082E+002  0.410454627867375E+000  0.869071675125489E+000  0.670940022984821E+000 -0.279526302992864E+000 -0.762657020629066E+001 -0.299540882033444E+001 -0.299540882033444E+001
  0.682257605009595E+002  0.385154258148166E+000  0.790668605342645E+000  0.654413768759895E+000 -0.175822863490811E+000 -0.762657020629066E+001 -0.293532637629469E+001 -0.293532637629469E+001
  0.683309088053921E+002  0.361457912350135E+000  0.747962579325951E+000  0.637756488135478E+000 -0.109420491676087E+000 -0.762657020629066E+001 -0.298749967820909E+001 -0.298749967820909E+001
  0.680082143420963E+002  0.342489330064693E+000  0.714473015287989E+000  0.683092078710276E+000 -0.569623453526813E-001 -0.762657020629066E+001 -0.296986540623860E+001 -0.296986540623860E+001
  0.667920058396032E+002  0.356125691884261E+000  0.705799156015690E+000  0.663096688711751E+000 -0.619248478999517E-001 -0.762657020629066E+001 -0.298133353957276E+001 -0.298133353957275E+001
  0.692151114794092E+002  0.365581822153049E+000  0.779632686449261E+000  0.654449025057361E+000 -0.145214508602310E+000 -0.762657020629066E+001 -0.296686496172577E+001 -0.296686496172577E+001
  0.671951001621616E+002  0.362392979790834E+000  0.720486002021365E+000  0.679337855594929E+000 -0.828789818121999E-001 -0.762657020629066E+001 -0.297968223715587E+001 -0.297968223715587E+001
  0.676103989789924E+002  0.350725489253746E+000  0.723129376989359E+000  0.641354458803512E+000 -0.738548662431046E-001 -0.762657020629066E+001 -0.297317339376861E+001 -0.297317339376861E+001
  0.691485012034160E+002  0.411131761953333E+000  0.855577059517082E+000  0.669469537199609E+000 -0.266708821470415E+000 -0.762657020629066E+001 -0.297727701855136E+001 -0.297727701855136E+001
  0.681378642874399E+002  0.403878365307913E+000  0.815187786908248E+000  0.643362366112787E+000 -0.219066152216161E+000 -0.762657020629066E+001 -0.298895338585587E+001 -0.298895338585587E+001
  0.692236532430562E+002  0.351512203738022E+000  0.760489443126081E+000  0.646895184741310E+000 -0.112001646864104E+000 -0.762657020629066E+001 -0.299368614604930E+001 -0.299368614604929E+001
  0.685664426175236E+002  0.379426087672356E+000  0.797159936299423E+000  0.690578090575966E+000 -0.176586023971778E+000 -0.762657020629066E+001 -0.298355868311318E+001 -0.298355868311318E+001
  0.677612833568562E+002  0.405748721115748E+000  0.819444143356354E+000  0.678901228694439E+000 -0.225192864472102E+000 -0.762657020629066E+001 -0.299616392983399E+001 -0.299616392983399E+001
  0.674662178717847E+002  0.387320660341023E+000  0.762610580173279E+000  0.647167465485044E+000 -0.149931240514301E+000 -0.762657020629066E+001 -0.299516585201306E+001 -0.299516585201306E+001
  0.677250295718901E+002  0.342949103423659E+000  0.732298452724510E+000  0.663665500391427E+000 -0.752475561481698E-001 -0.762657020629066E+001 -0.297689928080774E+001 -0.297689928080774E+001
  0.676007645710478E+002  0.368710280824886E+000  0.769358366082972E+000  0.648245203122127E+000 -0.138068646907859E+000 -0.762657020629066E+001 -0.299413723680747E+001 -0.299413723680747E+001
  0.687748277146548E+002  0.338950358010124E+000  0.740107217203104E+000  0.682688418705714E+000 -0.790575752132278E-001 -0.762657020629066E+001 -0.298983968373471E+001 -0.298983968373471E+001
  0.672169498831640E+002  0.379141584127409E+000  0.771886679523767E+000  0.657957792288102E+000 -0.151028263651176E+000 -0.762657020629066E+001 -0.299360581552295E+001 -0.299360581552295E+001
  0.679185866006110E+002  0.357289401804426E+000  0.754014591767119E+000  0.676984601744388E+000 -0.111303993571546E+000 -0.762657020629066E+001 -0.295895856795979E+001 -0.295895856795979E+001
