  0.676788234381044E+002  0.351875630939288E+000  0.741771833034004E+000 -0.936474639732914E-001 -0.698471632011826E+001 -0.726267153451448E+001 -0.726267153451448E+001 -0.726710831693893E+001
  0.688595773876188E+002  0.405686594366228E+000  0.834326174822581E+000 -0.240012769188809E+000 -0.698471632011826E+001 -0.726354010283904E+001 -0.726354010283904E+001 -0.727046457904964E+001
  0.685165192711459E+002  0.338846158228697E+000  0.733268230637311E+000 -0.721143888660075E-001 -0.698471632011826E+001 -0.725967124041170E+001 -0.725967124041170E+001 -0.727858378413981E+001
  0.681969471536130E+002  0.388406518986996E+000  0.801489307037829E+000 -0.189895826024825E+000 -0.698471632011826E+001 -0.725209214205100E+001 -0.725209214205100E+001 -0.730443991818239E+001
  0.685642215856941E+002  0.330455134811583E+000  0.715581241003126E+000 -0.460363758147090E-001 -0.698471632011826E+001 -0.726607678846806E+001 -0.726607678846806E+001 -0.727658172279366E+001
  0.685352666238130E+002  0.366474764017509E+000  0.759048550318829E+000 -0.125523314336338E+000 -0.698471632011826E+001 -0.725534280787635E+001 -0.725534280787635E+001 -0.726958487476874E+001
  0.689734457534241E+002  0.384199489459885E+000  0.807630211553565E+000 -0.191829701013451E+000 -0.698471632011826E+001 -0.725392390940861E+001 -0.725392390940861E+001 -0.727334824762689E+001
  0.679486127019758E+002  0.398719702230885E+000  0.807207664807200E+000 -0.205927367038085E+000 -0.698471632011826E+001 -0.725945005217545E+001 -0.725945005217545E+001 -0.726907092869091E+001
  0.675965657864992E+002  0.394195966137875E+000  0.793309640071149E+000 -0.187505606209024E+000 -0.698471632011826E+001 -0.726342640745566E+001 -0.726342640745566E+001 -0.727066323041661E+001
  0.674358615662731E+002  0.383877641297645E+000  0.763924698092655E+000 -0.147802339390300E+000 -0.698471632011826E+001 -0.726147808762504E+001 -0.726147808762504E+001 -0.734133922045206E+001
  0.684470584943269E+002  0.366813865097902E+000  0.783528031652879E+000 -0.150341896750781E+000 -0.698471632011826E+001 -0.725634982995620E+001 -0.725634982995620E+001 -0.727851814105322E+001
  0.690716387160086E+002  0.360264902049213E+000  0.771895992120076E+000 -0.132160894169288E+000 -0.698471632011826E+001 -0.725851429385745E+001 -0.725851429385745E+001 -0.726892150457015E+001
  0.674048412717421E+002  0.353143658322220E+000  0.716689195366317E+000 -0.698328536885366E-001 -0.698471632011826E+001 -0.725584283474060E+001 -0.725584283474060E+001 -0.726703040409778E+001
  0.690011265422037E+002  0.385266817375950E+000  0.818687058508997E+000 -0.203953875884947E+000 -0.698471632011826E+001 -0.725625140185907E+001 -0.725625140185907E+001 -0.727016959635577E+001
  0.682521845690800E+002  0.336871781063976E+000  0.707113391044155E+000 -0.439851721081307E-001 -0.698471632011826E+001 -0.726319505931463E+001 -0.726319505931463E+001 -0.727779278369121E+001
  0.682830352013463E+002  0.406130940976280E+000  0.833099397097288E+000 -0.239230338073568E+000 -0.698471632011826E+001 -0.726411341133267E+001 -0.726411341133267E+001 -0.733948707821444E+001
  0.680631839555641E+002  0.352285883391869E+000  0.722141857518656E+000 -0.744277409105247E-001 -0.698471632011826E+001 -0.725979717956960E+001 -0.725979717956960E+001 -0.727060565943900E+001
  0.675368774180551E+002  0.343225547918496E+000  0.719676912936361E+000 -0.629024608548566E-001 -0.698471632011826E+001 -0.726070086223091E+001 -0.726070086223090E+001 -0.728915512988544E+001
  0.690744781511391E+002  0.393521351982666E+000  0.834613942766240E+000 -0.228135294748906E+000 -0.698471632011826E+001 -0.726092226168069E+001 -0.726092226168069E+001 -0.727627170926159E+001
  0.674689757385393E+002  0.354381799082534E+000  0.716625027930346E+000 -0.710068270128799E-001 -0.698471632011826E+001 -0.725664387934461E+001 -0.725664387934461E+001 -0.727069686702219E+001
  0.689060714372843E+002  0.385116903381337E+000  0.813548141135532E+000 -0.198665044516869E+000 -0.698471632011826E+001 -0.725347354290819E+001 -0.725347354290819E+001 -0.728262232135712E+001
  0.679570853703885E+002  0.363043848313608E+000  0.736348161883398E+000 -0.993920101970057E-001 -0.698471632011826E+001 -0.725763757854705E+001 -0.725763757854705E+001 -0.726883438195992E+001
  0.692211000211450E+002  0.351038674982267E+000  0.765660375275226E+000 -0.116699050257493E+000 -0.698471632011826E+001 -0.726639409953835E+001 -0.726639409953835E+001 -0.727655334062103E+001
  0.688898932346230E+002  0.381258327184817E+000  0.803071289099285E+000 -0.184329616284102E+000 -0.698471632011826E+001 -0.725182682924960E+001 -0.725182682924960E+001 -0.727178623971766E+001
  0.678577186422758E+002  0.369876492285361E+000  0.749457528555313E+000 -0.119334020840674E+000 -0.698471632011826E+001 -0.725261146321857E+001 -0.725261146321856E+001 -0.727477040666264E+001
  0.683567858277373E+002  0.374785313428852E+000  0.796826354634945E+000 -0.171611668063796E+000 -0.698471632011826E+001 -0.726139610943594E+001 -0.726139610943593E+001 -0.726915636709649E+001
  0.680972845090128E+002  0.368214865989951E+000  0.778376607770292E+000 -0.146591473760243E+000 -0.698471632011826E+001 -0.725855813969369E+001 -0.725855813969369E+001 -0.726711449298771E+001
  0.683654910327126E+002  0.337916417752068E+000  0.727530919951685E+000 -0.654473377037532E-001 -0.698471632011826E+001 -0.725822313980789E+001 -0.725822313980788E+001 -0.729394786157275E+001
  0.682732311278965E+002  0.331835245085567E+000  0.703539102001941E+000 -0.353743470875079E-001 -0.698471632011826E+001 -0.726366698012774E+001 -0.726366698012774E+001 -0.726963925537172E+001
  0.687103206724474E+002  0.391718821353025E+000  0.809548484808122E+000 -0.201267306161148E+000 -0.698471632011826E+001 -0.725424339929066E+001 -0.725424339929066E+001 -0.728516587608168E+001
  0.676067090758411E+002  0.377303530488166E+000  0.773588599267413E+000 -0.150892129755579E+000 -0.698471632011826E+001 -0.725856086658198E+001 -0.725856086658198E+001 -0.727572580706121E+001
  0.683430006057975E+002  0.391477997622029E+000  0.788883533223361E+000 -0.180361530845389E+000 -0.698471632011826E+001 -0.726455746002755E+001 -0.726455746002755E+001 -0.727822922369583E+001
  0.675554550563383E+002  0.381340038420387E+000  0.765370594836475E+000 -0.146710633256862E+000 -0.698471632011826E+001 -0.725673366923506E+001 -0.725673366923506E+001 -0.728529410699077E+001
  0.676563595628087E+002  0.367882571667298E+000  0.750532520380382E+000 -0.118415092047681E+000 -0.698471632011826E+001 -0.725069712378419E+001 -0.725069712378419E+001 -0.727213815009765E+001
  0.679708039177620E+002  0.344074114767096E+000  0.738245163937874E+000 -0.823192787049696E-001 -0.698471632011826E+001 -0.726466820948555E+001 -0.726466820948555E+001 -0.726968311295041E+001
  0.690683311460622E+002  0.375555624477448E+000  0.814209420170565E+000 -0.189765044648012E+000 -0.698471632011826E+001 -0.726628136895880E+001 -0.726628136895880E+001 -0.730659141074946E+001
  0.686939096027449E+002  0.353515863018968E+000  0.739951496694681E+000 -0.934673597136499E-001 -0.698471632011826E+001 -0.726536501306439E+001 -0.726536501306439E+001 -0.727216655887643E+001
  0.675703592652403E+002  0.347076367948422E+000  0.704124442890834E+000 -0.512008108392564E-001 -0.698471632011826E+001 -0.726030995515344E+001 -0.726030995515344E+001 -0.728435441376853E+001
  0.678173174406838E+002  0.377644343267839E+000  0.758648722911880E+000 -0.136293066179719E+000 -0.698471632011826E+001 -0.725638331088863E+001 -0.725638331088863E+001 -0.728190460249519E+001
  0.691937072427994E+002  0.388238502336707E+000  0.817561971530020E+000 -0.205800473866727E+000 -0.698471632011826E+001 -0.725959190262222E+001 -0.725959190262222E+001 -0.726928354970779E+001
  0.686331981142125E+002  0.406769078827070E+000  0.843083160115712E+000 -0.249852238942782E+000 -0.698471632011826E+001 -0.726381636943135E+001 -0.726381636943135E+001 -0.727161916105850E+001
  0.686154829479124E+002  0.360717088297165E+000  0.748938954957819E+000 -0.109656043254984E+000 -0.698471632011826E+001 -0.726192803919659E+001 -0.726192803919659E+001 -0.731151295158179E+001
  0.672907572293198E+002  0.375350821245950E+000  0.757382108769006E+000 -0.132732930014956E+000 -0.698471632011826E+001 -0.726170811318876E+001 -0.726170811318876E+001 -0.726671571000421E+001
  0.676117185328931E+002  0.396117773890214E+000  0.797010734689082E+000 -0.193128508579296E+000 -0.698471632011826E+001 -0.726459244612783E+001 -0.726459244612783E+001 -0.728349352861790E+001
  0.689657013396309E+002  0.359000631223125E+000  0.774613742483599E+000 -0.133614373706724E+000 -0.698471632011826E+001 -0.725637064489436E+001 -0.725637064489436E+001 -0.728131695521753E+001
  0.682885496546744E+002  0.384882736879454E+000  0.810418802408130E+000 -0.195301539287585E+000 -0.698471632011826E+001 -0.726349492752027E+001 -0.726349492752027E+001 -0.727094005297452E+001
  0.680425950200130E+002  0.404265877560904E+000  0.818934348847451E+000 -0.223200226408356E+000 -0.698471632011826E+001 -0.726260163795813E+001 -0.726260163795813E+001 -0.727666895086437E+001
  0.674046348849354E+002  0.361920101081966E+000  0.733789964866320E+000 -0.957100659482868E-001 -0.698471632011826E+001 -0.725476384681998E+001 -0.725476384681998E+001 -0.733450079021852E+001
  0.678697619771988E+002  0.367683412572048E+000  0.764024017706079E+000 -0.131707430278127E+000 -0.698471632011826E+001 -0.725122611431896E+001 -0.725122611431896E+001 -0.733545704620852E+001
  0.679822783630520E+002  0.401828197644604E+000  0.806065779445052E+000 -0.207893977089656E+000 -0.698471632011826E+001 -0.726255752318661E+001 -0.726255752318661E+001 -0.726732364983494E+001
  0.688293455516592E+002  0.390701373820398E+000  0.818473035350974E+000 -0.209174409171372E+000 -0.698471632011826E+001 -0.725367386737732E+001 -0.725367386737732E+001 -0.727092573284224E+001
  0.688925346311070E+002  0.376806479204372E+000  0.804870239373607E+000 -0.181676718577980E+000 -0.698471632011826E+001 -0.725487716978211E+001 -0.725487716978211E+001 -0.730340642634980E+001
  0.680676770585765E+002  0.378844560225164E+000  0.777591616176170E+000 -0.156436176401334E+000 -0.698471632011826E+001 -0.724823410148922E+001 -0.724823410148922E+001 -0.772869608829682E+001
  0.682466423360466E+002  0.399668575018335E+000  0.819258393804933E+000 -0.218926968823268E+000 -0.698471632011826E+001 -0.725779748479901E+001 -0.725779748479901E+001 -0.728376969117665E+001
  0.690084737955056E+002  0.345681060918630E+000  0.758371245799635E+000 -0.104052306718265E+000 -0.698471632011826E+001 -0.726613424184054E+001 -0.726613424184054E+001 -0.726864328480281E+001
  0.686087721132823E+002  0.354962199742696E+000  0.750573052445577E+000 -0.105535252188273E+000 -0.698471632011826E+001 -0.725238515706289E+001 -0.725238515706289E+001 -0.727369535117432E+001
  0.683755577353622E+002  0.362472787245775E+000  0.768881931093558E+000 -0.131354718339334E+000 -0.698471632011826E+001 -0.724988085726524E+001 -0.724988085726524E+001 -0.730171924206811E+001
  0.689558453830759E+002  0.391658450153458E+000  0.831918095164797E+000 -0.223576545318255E+000 -0.698471632011826E+001 -0.726139951411440E+001 -0.726139951411440E+001 -0.726833050590932E+001
  0.689795619358738E+002  0.392959697301918E+000  0.813218542714718E+000 -0.206178240016636E+000 -0.698471632011826E+001 -0.726194607838696E+001 -0.726194607838696E+001 -0.729075694826064E+001
  0.679417075403185E+002  0.376312976342464E+000  0.767478040894797E+000 -0.143791017237261E+000 -0.698471632011826E+001 -0.724924401082604E+001 -0.724924401082604E+001 -0.726872988522056E+001
  0.693064493037638E+002  0.368681563965444E+000  0.791675284565306E+000 -0.160356848530750E+000 -0.698471632011826E+001 -0.726188152671615E+001 -0.726188152671615E+001 -0.729150888476993E+001
  0.674883357253951E+002  0.344556296002795E+000  0.699391233664898E+000 -0.439475296676928E-001 -0.698471632011826E+001 -0.726071890507620E+001 -0.726071890507620E+001 -0.731271298528072E+001
  0.680688761646522E+002  0.335280645937002E+000  0.710890259104067E+000 -0.461709050410692E-001 -0.698471632011826E+001 -0.725689022038112E+001 -0.725689022038112E+001 -0.733986818760664E+001
  0.687913642009239E+002  0.380829047263944E+000  0.783879421495955E+000 -0.164708468759899E+000 -0.698471632011826E+001 -0.726411748508096E+001 -0.726411748508096E+001 -0.726927815237328E+001
  0.681517533290695E+002  0.359371650099526E+000  0.747478657401128E+000 -0.106850307500655E+000 -0.698471632011826E+001 -0.724739443187513E+001 -0.724739443187513E+001 -0.727559989705742E+001
  0.681376011152415E+002  0.391822654108555E+000  0.785350816653660E+000 -0.177173470762214E+000 -0.698471632011826E+001 -0.726358213459265E+001 -0.726358213459265E+001 -0.737451274167053E+001
  0.683981774551878E+002  0.380906333017853E+000  0.773820355493865E+000 -0.154726688511718E+000 -0.698471632011826E+001 -0.726114201297375E+001 -0.726114201297374E+001 -0.727157719842679E+001
  0.677308917187084E+002  0.348961900804189E+000  0.737313094814468E+000 -0.862749956186569E-001 -0.698471632011826E+001 -0.726094911931808E+001 -0.726094911931808E+001 -0.730244887642619E+001
  0.678631007126378E+002  0.331492681571306E+000  0.698140102781289E+000 -0.296327843525948E-001 -0.698471632011826E+001 -0.725935362045979E+001 -0.725935362045979E+001 -0.727183586762354E+001
  0.674151673579514E+002  0.364483409647235E+000  0.735409275029207E+000 -0.998926846764425E-001 -0.698471632011826E+001 -0.725521922703884E+001 -0.725521922703884E+001 -0.728103748560377E+001
  0.684536202789385E+002  0.360184366888494E+000  0.770654131556693E+000 -0.130838498445187E+000 -0.698471632011826E+001 -0.725387236019561E+001 -0.725387236019561E+001 -0.731381392538953E+001
  0.685651445434519E+002  0.362849730051772E+000  0.780194686855015E+000 -0.143044416906787E+000 -0.698471632011826E+001 -0.725746544075436E+001 -0.725746544075436E+001 -0.730295762049498E+001
  0.686194530253696E+002  0.354103092671111E+000  0.766785542879032E+000 -0.120888635550143E+000 -0.698471632011826E+001 -0.725897946535439E+001 -0.725897946535439E+001 -0.729834282230675E+001
  0.681993172520447E+002  0.343501497159643E+000  0.736823454043049E+000 -0.803249512026920E-001 -0.698471632011826E+001 -0.725704070284817E+001 -0.725704070284817E+001 -0.727496705006916E+001
  0.686669440921539E+002  0.375190477881030E+000  0.787041218834288E+000 -0.162231696715319E+000 -0.698471632011826E+001 -0.724857526849028E+001 -0.724857526849028E+001 -0.727700847807451E+001
  0.676235787096400E+002  0.331992224876412E+000  0.703618631343626E+000 -0.356108562200377E-001 -0.698471632011826E+001 -0.726433691932286E+001 -0.726433691932286E+001 -0.730780959425849E+001
  0.687877947977861E+002  0.361790540949058E+000  0.782318524061822E+000 -0.144109065010880E+000 -0.698471632011826E+001 -0.725817967296673E+001 -0.725817967296673E+001 -0.727043866398118E+001
  0.673670605601237E+002  0.343742660352279E+000  0.700391076756246E+000 -0.441337371085259E-001 -0.698471632011826E+001 -0.725888939929271E+001 -0.725888939929271E+001 -0.730309436977906E+001
  0.692929019198390E+002  0.378426515603635E+000  0.801869625870395E+000 -0.180296141474030E+000 -0.698471632011826E+001 -0.726277480425376E+001 -0.726277480425375E+001 -0.727311261583224E+001
  0.685336194199936E+002  0.354694220936818E+000  0.749788603861283E+000 -0.104482824798101E+000 -0.698471632011826E+001 -0.725087560486556E+001 -0.725087560486556E+001 -0.733253427535174E+001
  0.681906889293527E+002  0.388160697068464E+000  0.785412178236577E+000 -0.173572875305041E+000 -0.698471632011826E+001 -0.725616297261797E+001 -0.725616297261797E+001 -0.729103341889560E+001
  0.680074082418860E+002  0.354431252148791E+000  0.725557311745860E+000 -0.799885638946509E-001 -0.698471632011826E+001 -0.725708957767771E+001 -0.725708957767771E+001 -0.726647731876699E+001
  0.693949881872840E+002  0.381483468132073E+000  0.809858236437698E+000 -0.191341704569770E+000 -0.698471632011826E+001 -0.726506173877013E+001 -0.726506173877013E+001 -0.727408359532043E+001
  0.681331994410679E+002  0.394616062664838E+000  0.802170607470675E+000 -0.196786670135513E+000 -0.698471632011826E+001 -0.725474736231032E+001 -0.725474736231032E+001 -0.730950637215082E+001
  0.677203753059636E+002  0.385567901103343E+000  0.764777184466688E+000 -0.150345085570030E+000 -0.698471632011826E+001 -0.726518871843324E+001 -0.726518871843324E+001 -0.730881904799460E+001
  0.685701888051519E+002  0.344692849682944E+000  0.741394858329188E+000 -0.860877080121314E-001 -0.698471632011826E+001 -0.725580452441718E+001 -0.725580452441718E+001 -0.727077998510291E+001
  0.675907523453629E+002  0.396333513558022E+000  0.796091313276225E+000 -0.192424826834247E+000 -0.698471632011826E+001 -0.726496676522494E+001 -0.726496676522494E+001 -0.727213539563919E+001
  0.683647504924715E+002  0.339138972859783E+000  0.713829429554939E+000 -0.529684024147222E-001 -0.698471632011826E+001 -0.726247974701722E+001 -0.726247974701721E+001 -0.727371510964721E+001
  0.686248486461373E+002  0.397623548995337E+000  0.830802170509380E+000 -0.228425719504717E+000 -0.698471632011826E+001 -0.725929545546344E+001 -0.725929545546343E+001 -0.731722327849686E+001
  0.684915873928940E+002  0.399483881938152E+000  0.826479340226194E+000 -0.225963222164346E+000 -0.698471632011826E+001 -0.725742262723441E+001 -0.725742262723441E+001 -0.727218888237731E+001
  0.691929293443043E+002  0.353013561862829E+000  0.770551225249605E+000 -0.123564787112434E+000 -0.698471632011826E+001 -0.726480436558802E+001 -0.726480436558802E+001 -0.736200781269850E+001
  0.684261816578891E+002  0.365060885885374E+000  0.749472404752234E+000 -0.114533290637608E+000 -0.698471632011826E+001 -0.726135115631296E+001 -0.726135115631296E+001 -0.729408403309978E+001
  0.690101804762648E+002  0.396458019308530E+000  0.822984518841935E+000 -0.219442538150465E+000 -0.698471632011826E+001 -0.726063882494990E+001 -0.726063882494990E+001 -0.737737865601274E+001
  0.688323218018538E+002  0.360978545783312E+000  0.773284882646917E+000 -0.134263428430229E+000 -0.698471632011826E+001 -0.725277720342708E+001 -0.725277720342708E+001 -0.728867920189245E+001
  0.690345687675514E+002  0.360438491887618E+000  0.768110670252394E+000 -0.128549162140011E+000 -0.698471632011826E+001 -0.725931781580617E+001 -0.725931781580617E+001 -0.727376731220630E+001
  0.676969079419074E+002  0.336689295258016E+000  0.700114328062721E+000 -0.368036233207375E-001 -0.698471632011826E+001 -0.725719972687872E+001 -0.725719972687872E+001 -0.731444474903866E+001
  0.685269239012761E+002  0.397398404296473E+000  0.812463371382541E+000 -0.209861775679014E+000 -0.698471632011826E+001 -0.725685630199898E+001 -0.725685630199898E+001 -0.726716674527276E+001
  0.683935473407908E+002  0.375298571388088E+000  0.766798141006557E+000 -0.142096712394645E+000 -0.698471632011826E+001 -0.725745919065071E+001 -0.725745919065071E+001 -0.797174854532992E+001
  0.673128649592397E+002  0.370089676229893E+000  0.741322728814786E+000 -0.111412405044679E+000 -0.698471632011826E+001 -0.725857109864157E+001 -0.725857109864157E+001 -0.726678212621955E+001
  0.676158181048080E+002  0.373679415721641E+000  0.759214025627990E+000 -0.132893441349631E+000 -0.698471632011826E+001 -0.725253170412963E+001 -0.725253170412962E+001 -0.727188235874591E+001
  0.676212501983684E+002  0.377180004129892E+000  0.775919117160108E+000 -0.153099121290001E+000 -0.698471632011826E+001 -0.726052681503508E+001 -0.726052681503508E+001 -0.726791455823211E+001
  0.690590874266838E+002  0.380071651020116E+000  0.797420200838999E+000 -0.177491851859115E+000 -0.698471632011826E+001 -0.725835317588087E+001 -0.725835317588086E+001 -0.733450425619309E+001
  0.685004696565285E+002  0.400049402635736E+000  0.822072986648140E+000 -0.222122389283876E+000 -0.698471632011826E+001 -0.725637367238549E+001 -0.725637367238549E+001 -0.731431692704886E+001
  0.673334564061872E+002  0.351563831875060E+000  0.722358968996605E+000 -0.739228008716653E-001 -0.698471632011826E+001 -0.725831644162488E+001 -0.725831644162488E+001 -0.727013787714509E+001
  0.682427171900740E+002  0.357768601925897E+000  0.731454362152403E+000 -0.892229640783000E-001 -0.698471632011826E+001 -0.726512685488712E+001 -0.726512685488712E+001 -0.727165015685375E+001
  0.691861269117628E+002  0.381500513632001E+000  0.817109843897971E+000 -0.198610357529973E+000 -0.698471632011826E+001 -0.725904389063494E+001 -0.725904389063494E+001 -0.727150114442075E+001
  0.673417287938802E+002  0.362838615186877E+000  0.728171446171701E+000 -0.910100613585771E-001 -0.698471632011826E+001 -0.725781551284656E+001 -0.725781551284656E+001 -0.727970293742795E+001
  0.680013984191251E+002  0.400543303905022E+000  0.817573442755634E+000 -0.218116746660656E+000 -0.698471632011826E+001 -0.726286152037677E+001 -0.726286152037677E+001 -0.729660780978097E+001
  0.678375312068042E+002  0.374952131206107E+000  0.784636277859604E+000 -0.159588409065711E+000 -0.698471632011826E+001 -0.726611046453773E+001 -0.726611046453773E+001 -0.727845867746366E+001
  0.688010387837225E+002  0.375307266405602E+000  0.776641087864850E+000 -0.151948354270452E+000 -0.698471632011826E+001 -0.726211364486646E+001 -0.726211364486646E+001 -0.730060977197288E+001
  0.690904707555339E+002  0.360715310274390E+000  0.789117856213648E+000 -0.149833166488038E+000 -0.698471632011826E+001 -0.726572541570562E+001 -0.726572541570561E+001 -0.734813691756375E+001
  0.688157275141240E+002  0.365673246477686E+000  0.765291416264359E+000 -0.130964662742046E+000 -0.698471632011826E+001 -0.725873683584606E+001 -0.725873683584606E+001 -0.728823708525406E+001
  0.682483206352285E+002  0.355161220008853E+000  0.738490141983031E+000 -0.936513619918846E-001 -0.698471632011826E+001 -0.725128033044698E+001 -0.725128033044698E+001 -0.730186137844296E+001
  0.679444182752669E+002  0.378215603311527E+000  0.781491371869603E+000 -0.159706975181130E+000 -0.698471632011826E+001 -0.725179306183678E+001 -0.725179306183678E+001 -0.726912295394113E+001
  0.677874294342131E+002  0.340860491400921E+000  0.718376765570708E+000 -0.592372569716291E-001 -0.698471632011826E+001 -0.725584400270841E+001 -0.725584400270841E+001 -0.727388981480681E+001
  0.681447485727516E+002  0.403292103338374E+000  0.818313254366195E+000 -0.221605357704568E+000 -0.698471632011826E+001 -0.726041884220488E+001 -0.726041884220488E+001 -0.730422999048601E+001
  0.692297539311798E+002  0.355630204486037E+000  0.776643192663153E+000 -0.132273397149190E+000 -0.698471632011826E+001 -0.726488740238014E+001 -0.726488740238014E+001 -0.732715558027618E+001
  0.677229238111057E+002  0.372290427533865E+000  0.762328230704938E+000 -0.134618658238803E+000 -0.698471632011826E+001 -0.725095032762564E+001 -0.725095032762564E+001 -0.728354277994641E+001
  0.687983165891721E+002  0.393160507663240E+000  0.803881520979199E+000 -0.197042028642438E+000 -0.698471632011826E+001 -0.726639610053600E+001 -0.726639610053600E+001 -0.726933311341376E+001
  0.685264073760474E+002  0.380952850614052E+000  0.784155710147842E+000 -0.165108560761894E+000 -0.698471632011826E+001 -0.725273025018808E+001 -0.725273025018808E+001 -0.728830737471541E+001
  0.679278126460538E+002  0.363886018996955E+000  0.736361605665948E+000 -0.100247624662903E+000 -0.698471632011826E+001 -0.725851776129118E+001 -0.725851776129117E+001 -0.726971000746603E+001
  0.680850925823055E+002  0.351512131250782E+000  0.746289759719674E+000 -0.978018909704553E-001 -0.698471632011826E+001 -0.725347192411729E+001 -0.725347192411728E+001 -0.726684286797370E+001
  0.681219648318114E+002  0.385206516137976E+000  0.806009675572797E+000 -0.191216191710773E+000 -0.698471632011826E+001 -0.726341075475666E+001 -0.726341075475666E+001 -0.727624328563519E+001
  0.684310177510309E+002  0.341579941759244E+000  0.723714917395802E+000 -0.652948591550462E-001 -0.698471632011826E+001 -0.725779487731858E+001 -0.725779487731858E+001 -0.726662915262580E+001
  0.688995252494038E+002  0.343110928290953E+000  0.742585887982436E+000 -0.856968162733895E-001 -0.698471632011826E+001 -0.726314410251302E+001 -0.726314410251302E+001 -0.735933612314625E+001
  0.677896599337080E+002  0.389328739359274E+000  0.789778323487096E+000 -0.179107062846370E+000 -0.698471632011826E+001 -0.725617933270136E+001 -0.725617933270136E+001 -0.726831335506082E+001
  0.672520239216479E+002  0.373243550562539E+000  0.757117762262824E+000 -0.130361312825364E+000 -0.698471632011826E+001 -0.726489132087117E+001 -0.726489132087117E+001 -0.727783522136481E+001
  0.671079672777007E+002  0.352099269593350E+000  0.706361052903327E+000 -0.584603224966775E-001 -0.698471632011826E+001 -0.726290370654452E+001 -0.726290370654452E+001 -0.727822441509477E+001
  0.678930031396084E+002  0.354547373279449E+000  0.737950645652730E+000 -0.924980189321782E-001 -0.698471632011826E+001 -0.724883491990752E+001 -0.724883491990752E+001 -0.728757054519311E+001
  0.683352668738799E+002  0.366842045692092E+000  0.752880964902381E+000 -0.119723010594473E+000 -0.698471632011826E+001 -0.725607359613438E+001 -0.725607359613438E+001 -0.727433365868638E+001
  0.690977645139140E+002  0.370116650412899E+000  0.791918638381128E+000 -0.162035288794028E+000 -0.698471632011826E+001 -0.725575309569467E+001 -0.725575309569467E+001 -0.727209558727494E+001
  0.684680786885155E+002  0.390666570559292E+000  0.798569872790074E+000 -0.189236443349365E+000 -0.698471632011826E+001 -0.725483696047917E+001 -0.725483696047917E+001 -0.728521559180851E+001
  0.689186092664778E+002  0.360099011349947E+000  0.762702579226008E+000 -0.122801590575956E+000 -0.698471632011826E+001 -0.725846519101540E+001 -0.725846519101540E+001 -0.743288923823547E+001
  0.679905934612026E+002  0.379129257083603E+000  0.769996308699622E+000 -0.149125565783225E+000 -0.698471632011826E+001 -0.725109785795289E+001 -0.725109785795289E+001 -0.726656986945138E+001
  0.689187049211834E+002  0.361320961458409E+000  0.758048727832473E+000 -0.119369689290883E+000 -0.698471632011826E+001 -0.726621612575355E+001 -0.726621612575355E+001 -0.727750616616883E+001
  0.692769677425059E+002  0.375646441583572E+000  0.799367655622214E+000 -0.175014097205787E+000 -0.698471632011826E+001 -0.726100619234172E+001 -0.726100619234172E+001 -0.729783093512126E+001
  0.684048957366790E+002  0.402928886111344E+000  0.834404057197047E+000 -0.237332943308391E+000 -0.698471632011826E+001 -0.726370675370980E+001 -0.726370675370980E+001 -0.727375072701384E+001
  0.688076590727959E+002  0.372746326066010E+000  0.780837485311483E+000 -0.153583811377494E+000 -0.698471632011826E+001 -0.725297079985867E+001 -0.725297079985867E+001 -0.727444671139666E+001
  0.686810904273926E+002  0.341260211197178E+000  0.739912508386007E+000 -0.811727195831846E-001 -0.698471632011826E+001 -0.726014196372435E+001 -0.726014196372435E+001 -0.726649893895075E+001
  0.692742065628869E+002  0.359478248291117E+000  0.783607054792030E+000 -0.143085303083147E+000 -0.698471632011826E+001 -0.726434743900989E+001 -0.726434743900989E+001 -0.727394114633792E+001
  0.680073783278183E+002  0.405602790430110E+000  0.811216299246682E+000 -0.216819089676791E+000 -0.698471632011826E+001 -0.726606474788545E+001 -0.726606474788545E+001 -0.728705077237917E+001
  0.681609967882493E+002  0.370715831542578E+000  0.753464314843455E+000 -0.124180146386033E+000 -0.698471632011826E+001 -0.725711768240112E+001 -0.725711768240112E+001 -0.727787756441321E+001
  0.685683823453012E+002  0.344871834446838E+000  0.747960967811198E+000 -0.928328022580366E-001 -0.698471632011826E+001 -0.725933306252442E+001 -0.725933306252441E+001 -0.729758125725470E+001
  0.675338442206448E+002  0.354461882646019E+000  0.734971351999111E+000 -0.894332346451295E-001 -0.698471632011826E+001 -0.725616796701507E+001 -0.725616796701507E+001 -0.728114143789580E+001
  0.672967182043903E+002  0.344951571985400E+000  0.706280479059017E+000 -0.512320510444169E-001 -0.698471632011826E+001 -0.725879676880867E+001 -0.725879676880867E+001 -0.726689717055890E+001
  0.684834782856992E+002  0.363665356191855E+000  0.758250062598053E+000 -0.121915418789908E+000 -0.698471632011826E+001 -0.725036315922147E+001 -0.725036315922147E+001 -0.729452518229555E+001
  0.676485579899269E+002  0.338666787365794E+000  0.710576413169958E+000 -0.492432005357519E-001 -0.698471632011826E+001 -0.725751681468010E+001 -0.725751681468010E+001 -0.731356051733752E+001
  0.677326845458200E+002  0.328149913121162E+000  0.682635058867736E+000 -0.107849719888977E-001 -0.698471632011826E+001 -0.726534474873200E+001 -0.726534474873200E+001 -0.727450265528642E+001
  0.685678481845332E+002  0.404589565098596E+000  0.824009383078023E+000 -0.228598948176619E+000 -0.698471632011826E+001 -0.726199784345120E+001 -0.726199784345120E+001 -0.728814739573938E+001
  0.692168274480710E+002  0.353203623031945E+000  0.773356437022119E+000 -0.126560060054064E+000 -0.698471632011826E+001 -0.726617197140593E+001 -0.726617197140593E+001 -0.726703282828677E+001
  0.679300443600360E+002  0.345808110295560E+000  0.737630233344614E+000 -0.834383436401740E-001 -0.698471632011826E+001 -0.726072234013078E+001 -0.726072234013077E+001 -0.727511153288293E+001
  0.670791818327616E+002  0.373359432672030E+000  0.745401111817679E+000 -0.118760544489708E+000 -0.698471632011826E+001 -0.726609704085125E+001 -0.726609704085124E+001 -0.727746608361249E+001
  0.671997743310773E+002  0.371400367299517E+000  0.748271192000030E+000 -0.119671559299547E+000 -0.698471632011826E+001 -0.726266385567382E+001 -0.726266385567382E+001 -0.730427801719596E+001
  0.678800633111757E+002  0.376506690208299E+000  0.757155888241120E+000 -0.133662578449419E+000 -0.698471632011826E+001 -0.725693308198328E+001 -0.725693308198328E+001 -0.728489949120391E+001
  0.673720125309351E+002  0.342476751754322E+000  0.696670538821403E+000 -0.391472905757246E-001 -0.698471632011826E+001 -0.726025239366311E+001 -0.726025239366311E+001 -0.730720397645499E+001
  0.684603254734272E+002  0.397235121214842E+000  0.829296614617566E+000 -0.226531735832408E+000 -0.698471632011826E+001 -0.726237535280864E+001 -0.726237535280864E+001 -0.727978193488391E+001
  0.690168517586198E+002  0.349481551615225E+000  0.751472897003828E+000 -0.100954448619053E+000 -0.698471632011826E+001 -0.726363241195902E+001 -0.726363241195902E+001 -0.726733524856762E+001
  0.690594921336769E+002  0.393349822450295E+000  0.822750429011220E+000 -0.216100251461516E+000 -0.698471632011826E+001 -0.725831167837038E+001 -0.725831167837038E+001 -0.728860895408718E+001
  0.686207090734806E+002  0.351926098836031E+000  0.750288906312874E+000 -0.102215005148905E+000 -0.698471632011826E+001 -0.725251135095477E+001 -0.725251135095477E+001 -0.726901203981860E+001
  0.682217741262852E+002  0.399801566918946E+000  0.817138437629093E+000 -0.216940004548039E+000 -0.698471632011826E+001 -0.725749756074853E+001 -0.725749756074852E+001 -0.726685888860761E+001
  0.691654017790203E+002  0.363218402160063E+000  0.783635245945235E+000 -0.146853648105298E+000 -0.698471632011826E+001 -0.725910502151832E+001 -0.725910502151832E+001 -0.727478545472001E+001
  0.691660915354049E+002  0.382663566160615E+000  0.808593534206013E+000 -0.191257100366629E+000 -0.698471632011826E+001 -0.725788768795895E+001 -0.725788768795895E+001 -0.730920676073833E+001
  0.674352395024077E+002  0.334801163319474E+000  0.688008486014859E+000 -0.228096493343323E-001 -0.698471632011826E+001 -0.726170659589947E+001 -0.726170659589947E+001 -0.726726169002385E+001
  0.672040709713911E+002  0.374181710684059E+000  0.753491195400503E+000 -0.127672906084562E+000 -0.698471632011826E+001 -0.726386505869296E+001 -0.726386505869296E+001 -0.739733490217391E+001
  0.687614843127260E+002  0.353057082888844E+000  0.766429506791372E+000 -0.119486589680216E+000 -0.698471632011826E+001 -0.725899984974124E+001 -0.725899984974124E+001 -0.727267490716454E+001
  0.691674027642593E+002  0.385145150512797E+000  0.823966612080244E+000 -0.209111762593041E+000 -0.698471632011826E+001 -0.726028641032476E+001 -0.726028641032476E+001 -0.726847747487340E+001
  0.685257250533431E+002  0.352365788819769E+000  0.740232435133596E+000 -0.925982239533646E-001 -0.698471632011826E+001 -0.725540993396364E+001 -0.725540993396364E+001 -0.727171597725497E+001
  0.674725101685597E+002  0.351399529182685E+000  0.712388195467358E+000 -0.637877246500428E-001 -0.698471632011826E+001 -0.725682058042112E+001 -0.725682058042112E+001 -0.727035148329573E+001
  0.678246312530252E+002  0.344788805391310E+000  0.716941555491198E+000 -0.617303608825075E-001 -0.698471632011826E+001 -0.725235274318459E+001 -0.725235274318459E+001 -0.727239806882916E+001
  0.686969328240326E+002  0.388425981140694E+000  0.798219891399714E+000 -0.186645872540408E+000 -0.698471632011826E+001 -0.725789142196443E+001 -0.725789142196442E+001 -0.728174325152732E+001
  0.681651912003751E+002  0.373811164612897E+000  0.779348796644133E+000 -0.153159961257030E+000 -0.698471632011826E+001 -0.724857960678550E+001 -0.724857960678550E+001 -0.729996516556821E+001
  0.683695194741926E+002  0.364798295641478E+000  0.773988085553087E+000 -0.138786381194565E+000 -0.698471632011826E+001 -0.725098374079249E+001 -0.725098374079249E+001 -0.727879539119533E+001
  0.678772535081609E+002  0.332007269018118E+000  0.697643529839108E+000 -0.296507988572263E-001 -0.698471632011826E+001 -0.725938462095224E+001 -0.725938462095224E+001 -0.728515897697055E+001
  0.684666303957517E+002  0.403050749982527E+000  0.815430436673722E+000 -0.218481186656249E+000 -0.698471632011826E+001 -0.726401542951122E+001 -0.726401542951122E+001 -0.728129538094082E+001
  0.685833039554096E+002  0.350486101215402E+000  0.731989909332060E+000 -0.824760105474613E-001 -0.698471632011826E+001 -0.726569350229703E+001 -0.726569350229703E+001 -0.729038854465905E+001
  0.679383278351775E+002  0.366444457718841E+000  0.748374901565851E+000 -0.114819359284692E+000 -0.698471632011826E+001 -0.724995795916111E+001 -0.724995795916111E+001 -0.794240913590972E+001
  0.681816847072806E+002  0.346523505533523E+000  0.735313799771208E+000 -0.818373053047312E-001 -0.698471632011826E+001 -0.725170428352892E+001 -0.725170428352892E+001 -0.729848592945331E+001
  0.683882281580570E+002  0.377754808401902E+000  0.799193687536010E+000 -0.176948495937913E+000 -0.698471632011826E+001 -0.725713667862982E+001 -0.725713667862982E+001 -0.727162066358028E+001
  0.690886715358613E+002  0.376539908453559E+000  0.789947395796068E+000 -0.166487304249627E+000 -0.698471632011826E+001 -0.726169855921182E+001 -0.726169855921182E+001 -0.726679912651852E+001
  0.674152570585594E+002  0.360963568209039E+000  0.748143442635238E+000 -0.109107010844277E+000 -0.698471632011826E+001 -0.726516706031040E+001 -0.726516706031040E+001 -0.728146037693232E+001
  0.679170521417705E+002  0.332665504502102E+000  0.703437522217954E+000 -0.361030267200557E-001 -0.698471632011826E+001 -0.725839649076561E+001 -0.725839649076561E+001 -0.729142515892959E+001
  0.690173459458716E+002  0.357599432984273E+000  0.779584851709064E+000 -0.137184284693337E+000 -0.698471632011826E+001 -0.726194796246174E+001 -0.726194796246174E+001 -0.727301860956900E+001
  0.673879821786225E+002  0.387941383925090E+000  0.777468005800951E+000 -0.165409389726041E+000 -0.698471632011826E+001 -0.726434437659108E+001 -0.726434437659108E+001 -0.728151331744878E+001
  0.682864288678310E+002  0.391397407059694E+000  0.801447685518081E+000 -0.192845092577775E+000 -0.698471632011826E+001 -0.725201352607649E+001 -0.725201352607649E+001 -0.726834226627218E+001
  0.686830770379436E+002  0.403052908766471E+000  0.822480519295023E+000 -0.225533428061493E+000 -0.698471632011826E+001 -0.726302148985327E+001 -0.726302148985327E+001 -0.728030052857468E+001
  0.677175449440739E+002  0.380559653193504E+000  0.763761587455690E+000 -0.144321240649194E+000 -0.698471632011826E+001 -0.725583932474053E+001 -0.725583932474053E+001 -0.729265357017077E+001
  0.676026252063570E+002  0.388697715324532E+000  0.792250259751083E+000 -0.180947975075615E+000 -0.698471632011826E+001 -0.726512761007132E+001 -0.726512761007132E+001 -0.726773392856926E+001
  0.677989404785370E+002  0.375010919541261E+000  0.766485694523118E+000 -0.141496614064379E+000 -0.698471632011826E+001 -0.725003181066503E+001 -0.725003181066503E+001 -0.730088943106489E+001
  0.673969466427005E+002  0.378245245054874E+000  0.756751916054301E+000 -0.134997161109175E+000 -0.698471632011826E+001 -0.725896206124945E+001 -0.725896206124945E+001 -0.726676747613022E+001
  0.678727556483694E+002  0.385033205699094E+000  0.775007858594453E+000 -0.160041064293547E+000 -0.698471632011826E+001 -0.725522122732752E+001 -0.725522122732752E+001 -0.726966604676281E+001
  0.673290146540079E+002  0.348219832152481E+000  0.700956440623162E+000 -0.491762727756427E-001 -0.698471632011826E+001 -0.726217774539149E+001 -0.726217774539148E+001 -0.727053658384673E+001
  0.683750601556091E+002  0.397493659286940E+000  0.822487888202213E+000 -0.219981547489153E+000 -0.698471632011826E+001 -0.725766711780086E+001 -0.725766711780086E+001 -0.726850856770566E+001
  0.672968454975795E+002  0.356141453341714E+000  0.729710489114804E+000 -0.858519424565178E-001 -0.698471632011826E+001 -0.725949648897572E+001 -0.725949648897572E+001 -0.728803874061064E+001
  0.680274877882243E+002  0.351770571507510E+000  0.727520425975409E+000 -0.792909974829185E-001 -0.698471632011826E+001 -0.725198476055549E+001 -0.725198476055549E+001 -0.726820316959469E+001
  0.684733661698480E+002  0.364602360909134E+000  0.786477669168740E+000 -0.151080030077874E+000 -0.698471632011826E+001 -0.726631617209444E+001 -0.726631617209444E+001 -0.727172718926438E+001
  0.675240109599467E+002  0.394760385237561E+000  0.784976565612878E+000 -0.179736950850438E+000 -0.698471632011826E+001 -0.726523257943634E+001 -0.726523257943634E+001 -0.729044075508644E+001
  0.682081906650156E+002  0.333908075239700E+000  0.708117221210438E+000 -0.420252964501380E-001 -0.698471632011826E+001 -0.725964802475395E+001 -0.725964802475395E+001 -0.728800417831455E+001
  0.678184173893074E+002  0.376134409901674E+000  0.784493520426275E+000 -0.160627930327950E+000 -0.698471632011826E+001 -0.726411133025078E+001 -0.726411133025078E+001 -0.726791541943924E+001
  0.672452303729519E+002  0.369680944448484E+000  0.741395882807458E+000 -0.111076827255942E+000 -0.698471632011826E+001 -0.725979393997919E+001 -0.725979393997919E+001 -0.727026003984016E+001
  0.684326631516301E+002  0.396373323673882E+000  0.825715877775809E+000 -0.222089201449691E+000 -0.698471632011826E+001 -0.726007555979591E+001 -0.726007555979591E+001 -0.726645828904212E+001
