  0.678046194924265E+002  0.318872237555670E+000  0.657153473731212E+000  0.681127762444330E+000 -0.583481073706260E+001 -0.297953786047760E+001 -0.297953786047761E+001
  0.672217403245922E+002  0.324063668701578E+000  0.658990891575961E+000  0.675936331298422E+000 -0.583481073706260E+001 -0.298108281987087E+001 -0.298108281987087E+001
  0.678827530683308E+002  0.319809226326544E+000  0.659419407693826E+000  0.680190773673456E+000 -0.583481073706260E+001 -0.297565013543594E+001 -0.297565013543594E+001
  0.672777251206467E+002  0.329000124614537E+000  0.674213415912868E+000  0.670999875385463E+000 -0.583481073706260E+001 -0.298385471590262E+001 -0.298385471590262E+001
  0.673448723046077E+002  0.327772675554873E+000  0.677051717251608E+000  0.672227324445127E+000 -0.583481073706260E+001 -0.298592917294084E+001 -0.298592917294084E+001
  0.669003753360356E+002  0.330410842522443E+000  0.669772296100309E+000  0.669589157477557E+000 -0.583481073706260E+001 -0.298705780109613E+001 -0.298705780109613E+001
  0.678894413555083E+002  0.322859416151360E+000  0.671536259183182E+000  0.677140583848640E+000 -0.583481073706260E+001 -0.298277669213246E+001 -0.298277669213246E+001
  0.672614598688398E+002  0.325206221129738E+000  0.658185923697871E+000  0.674793778870262E+000 -0.583481073706260E+001 -0.297576549722162E+001 -0.297576549722162E+001
  0.673106820068315E+002  0.329975654623821E+000  0.662455305803839E+000  0.670024345376179E+000 -0.583481073706260E+001 -0.298125492411981E+001 -0.298125492411981E+001
  0.677265490603250E+002  0.322829198912152E+000  0.665767566249924E+000  0.677170801087848E+000 -0.583481073706260E+001 -0.297132194223886E+001 -0.297132194223885E+001
  0.673964494459431E+002  0.324874859663214E+000  0.672808051852703E+000  0.675125140336786E+000 -0.583481073706260E+001 -0.297603519530152E+001 -0.297603519530152E+001
  0.680496391081212E+002  0.321474957380308E+000  0.660817313105573E+000  0.678525042619692E+000 -0.583481073706260E+001 -0.298536717135762E+001 -0.298536717135762E+001
  0.677307681142727E+002  0.326462208931483E+000  0.667698412500523E+000  0.673537791068517E+000 -0.583481073706260E+001 -0.298613113147052E+001 -0.298613113147052E+001
  0.673346189569585E+002  0.325160904907664E+000  0.656910765751700E+000  0.674839095092336E+000 -0.583481073706260E+001 -0.297446946466756E+001 -0.297446946466756E+001
  0.680200797273780E+002  0.320728358217220E+000  0.665064328555852E+000  0.679271641782780E+000 -0.583481073706260E+001 -0.298036009523438E+001 -0.298036009523438E+001
  0.676201256543963E+002  0.319132429415924E+000  0.661990592746114E+000  0.680867570584076E+000 -0.583481073706260E+001 -0.298107634176715E+001 -0.298107634176715E+001
  0.680216320050983E+002  0.319553540869326E+000  0.666825439672551E+000  0.680446459130674E+000 -0.583481073706260E+001 -0.297927049853928E+001 -0.297927049853928E+001
  0.678310509531491E+002  0.319113248400218E+000  0.658566518743722E+000  0.680886751599782E+000 -0.583481073706260E+001 -0.297725451098076E+001 -0.297725451098076E+001
  0.673362653904454E+002  0.322722115739999E+000  0.667549301477963E+000  0.677277884260001E+000 -0.583481073706260E+001 -0.297896274966976E+001 -0.297896274966976E+001
  0.678413755625060E+002  0.322794325757947E+000  0.666767937818609E+000  0.677205674242053E+000 -0.583481073706260E+001 -0.297610457252379E+001 -0.297610457252379E+001
  0.674718097291189E+002  0.326956341547591E+000  0.675473667116739E+000  0.673043658452409E+000 -0.583481073706260E+001 -0.298330870282372E+001 -0.298330870282372E+001
  0.678155026099226E+002  0.321856863164271E+000  0.672542002398244E+000  0.678143136835729E+000 -0.583481073706260E+001 -0.297829439062576E+001 -0.297829439062576E+001
  0.679394830553419E+002  0.317427331027452E+000  0.654801361771399E+000  0.682572668972548E+000 -0.583481073706260E+001 -0.298654943678914E+001 -0.298654943678914E+001
  0.673064742957503E+002  0.329390906639896E+000  0.653496537776224E+000  0.670609093360104E+000 -0.583481073706260E+001 -0.298626875073172E+001 -0.298626875073172E+001
  0.672556562283642E+002  0.324603094557537E+000  0.660530024056179E+000  0.675396905442463E+000 -0.583481073706260E+001 -0.297606327875889E+001 -0.297606327875889E+001
  0.673879007045936E+002  0.324269079630844E+000  0.676311485044655E+000  0.675730920369156E+000 -0.583481073706260E+001 -0.298238859669024E+001 -0.298238859669025E+001
  0.673087476883761E+002  0.327656647806241E+000  0.650978421383662E+000  0.672343352193759E+000 -0.583481073706260E+001 -0.298497198300018E+001 -0.298497198300017E+001
  0.671715404490981E+002  0.330002784156004E+000  0.657679858444225E+000  0.669997215843996E+000 -0.583481073706260E+001 -0.298102245470913E+001 -0.298102245470913E+001
  0.672667757452939E+002  0.322090422540783E+000  0.661527797361799E+000  0.677909577459217E+000 -0.583481073706260E+001 -0.298700746569772E+001 -0.298700746569772E+001
  0.676719703401924E+002  0.324918609532889E+000  0.673937417737039E+000  0.675081390467111E+000 -0.583481073706260E+001 -0.298140624204307E+001 -0.298140624204307E+001
  0.673992131772132E+002  0.321223141073100E+000  0.658856849653051E+000  0.678776858926900E+000 -0.583481073706260E+001 -0.298362858638157E+001 -0.298362858638157E+001
  0.673976649663456E+002  0.324975362319262E+000  0.660890744014317E+000  0.675024637680738E+000 -0.583481073706260E+001 -0.297038613831941E+001 -0.297038613831941E+001
  0.670654337825044E+002  0.327884971964714E+000  0.667365477835429E+000  0.672115028035286E+000 -0.583481073706260E+001 -0.297887503769197E+001 -0.297887503769197E+001
  0.672705007712177E+002  0.328684850831549E+000  0.653518940318512E+000  0.671315149168451E+000 -0.583481073706260E+001 -0.298282056928007E+001 -0.298282056928007E+001
  0.675580735717405E+002  0.321240908208425E+000  0.677164735688593E+000  0.678759091791575E+000 -0.583481073706260E+001 -0.298659834419167E+001 -0.298659834419167E+001
  0.671238514649415E+002  0.326358590238152E+000  0.660937654039291E+000  0.673641409761848E+000 -0.583481073706260E+001 -0.297823042369954E+001 -0.297823042369954E+001
  0.673999829217142E+002  0.328474943255567E+000  0.673372522109009E+000  0.671525056744433E+000 -0.583481073706260E+001 -0.298365439248198E+001 -0.298365439248198E+001
  0.671410579386464E+002  0.327499123048894E+000  0.656516789077316E+000  0.672500876951106E+000 -0.583481073706260E+001 -0.297908196418900E+001 -0.297908196418900E+001
  0.677259880102937E+002  0.319517020882453E+000  0.655396870167415E+000  0.680482979117547E+000 -0.583481073706260E+001 -0.298055814207605E+001 -0.298055814207604E+001
  0.669772848876954E+002  0.326913594992969E+000  0.659954284372810E+000  0.673086405007031E+000 -0.583481073706260E+001 -0.298720712535621E+001 -0.298720712535621E+001
  0.677231761570099E+002  0.322636667629204E+000  0.677306892582381E+000  0.677363332370796E+000 -0.583481073706260E+001 -0.298419859496343E+001 -0.298419859496343E+001
  0.675184419290222E+002  0.324123659526422E+000  0.674615448103042E+000  0.675876340473578E+000 -0.583481073706260E+001 -0.297784033663812E+001 -0.297784033663812E+001
  0.675925888452141E+002  0.327300263025660E+000  0.668116338568068E+000  0.672699736974340E+000 -0.583481073706260E+001 -0.298168851276534E+001 -0.298168851276534E+001
  0.671679332248761E+002  0.328430543225997E+000  0.654330668894124E+000  0.671569456774003E+000 -0.583481073706260E+001 -0.298142326793624E+001 -0.298142326793624E+001
  0.678681835557603E+002  0.319306837182271E+000  0.652081604168848E+000  0.680693162817729E+000 -0.583481073706260E+001 -0.298530938037064E+001 -0.298530938037064E+001
  0.673693115120865E+002  0.327006994367002E+000  0.655827355880471E+000  0.672993005632998E+000 -0.583481073706260E+001 -0.297617941754614E+001 -0.297617941754614E+001
  0.681016941869457E+002  0.318930175029953E+000  0.662894129827579E+000  0.681069824970047E+000 -0.583481073706260E+001 -0.298212086632558E+001 -0.298212086632558E+001
  0.671448160743528E+002  0.327103183175277E+000  0.662852589986068E+000  0.672896816824723E+000 -0.583481073706260E+001 -0.297533361991524E+001 -0.297533361991524E+001
  0.672336683459083E+002  0.329399868473312E+000  0.665061946137337E+000  0.670600131526688E+000 -0.583481073706260E+001 -0.297679390697785E+001 -0.297679390697785E+001
  0.676853130573965E+002  0.324135640246801E+000  0.669285517802514E+000  0.675864359753199E+000 -0.583481073706260E+001 -0.297435824366173E+001 -0.297435824366174E+001
  0.680039939048393E+002  0.318309201458466E+000  0.666900341616329E+000  0.681690798541534E+000 -0.583481073706260E+001 -0.297925513045152E+001 -0.297925513045152E+001
  0.674967571334373E+002  0.323508065474152E+000  0.658167001067116E+000  0.676491934525848E+000 -0.583481073706260E+001 -0.297184088446853E+001 -0.297184088446853E+001
  0.673903544716196E+002  0.327730345369108E+000  0.652507020405348E+000  0.672269654630892E+000 -0.583481073706260E+001 -0.298342183435955E+001 -0.298342183435955E+001
  0.669637465779008E+002  0.330578033050298E+000  0.657051203435907E+000  0.669421966949702E+000 -0.583481073706260E+001 -0.298567611842791E+001 -0.298567611842791E+001
  0.674712289831010E+002  0.326989949517908E+000  0.653518369540215E+000  0.673010050482092E+000 -0.583481073706260E+001 -0.298134519005535E+001 -0.298134519005535E+001
  0.674979216831609E+002  0.324251879599975E+000  0.672271986074659E+000  0.675748120400025E+000 -0.583481073706260E+001 -0.297455645427828E+001 -0.297455645427828E+001
  0.675819279548637E+002  0.323424780833474E+000  0.665882156087357E+000  0.676575219166526E+000 -0.583481073706260E+001 -0.296951872203165E+001 -0.296951872203165E+001
  0.678368796364367E+002  0.321541535635514E+000  0.668497861862637E+000  0.678458464364486E+000 -0.583481073706260E+001 -0.297466052184683E+001 -0.297466052184684E+001
  0.677131363070535E+002  0.321885837139985E+000  0.660782134006440E+000  0.678114162860015E+000 -0.583481073706260E+001 -0.297102395442727E+001 -0.297102395442727E+001
  0.677123256110334E+002  0.325503237760750E+000  0.658278298564816E+000  0.674496762239250E+000 -0.583481073706260E+001 -0.298069027950310E+001 -0.298069027950310E+001
  0.675527594168327E+002  0.322538210487616E+000  0.649948710002300E+000  0.677461789512384E+000 -0.583481073706260E+001 -0.298471884544196E+001 -0.298471884544196E+001
  0.679536668829076E+002  0.317464674465745E+000  0.667181248478797E+000  0.682535325534255E+000 -0.583481073706260E+001 -0.298091906835799E+001 -0.298091906835799E+001
  0.673407559768011E+002  0.326541650456812E+000  0.659256585802458E+000  0.673458349543188E+000 -0.583481073706260E+001 -0.297222430966424E+001 -0.297222430966424E+001
  0.674800293482122E+002  0.321869035392073E+000  0.657505180249347E+000  0.678130964607927E+000 -0.583481073706260E+001 -0.297706514808514E+001 -0.297706514808514E+001
  0.673815537263693E+002  0.321952719674547E+000  0.670109190179960E+000  0.678047280325453E+000 -0.583481073706260E+001 -0.298176970875990E+001 -0.298176970875990E+001
  0.673138292878603E+002  0.328111815322743E+000  0.665381380306348E+000  0.671888184677257E+000 -0.583481073706260E+001 -0.297379430186821E+001 -0.297379430186821E+001
  0.674845226407215E+002  0.322619720831883E+000  0.675083485949031E+000  0.677380279168117E+000 -0.583481073706260E+001 -0.298100218878496E+001 -0.298100218878496E+001
  0.671856981309122E+002  0.329393448055421E+000  0.669312773261876E+000  0.670606551944579E+000 -0.583481073706260E+001 -0.297860867612455E+001 -0.297860867612455E+001
  0.674909694537163E+002  0.320224790754302E+000  0.657284357407897E+000  0.679775209245698E+000 -0.583481073706260E+001 -0.298494722254373E+001 -0.298494722254373E+001
  0.676383528856928E+002  0.323096400163496E+000  0.675760162279919E+000  0.676903599836504E+000 -0.583481073706260E+001 -0.298019416829874E+001 -0.298019416829874E+001
  0.679673555778769E+002  0.318072922669204E+000  0.656704183757470E+000  0.681927077330796E+000 -0.583481073706260E+001 -0.298225013569604E+001 -0.298225013569604E+001
  0.675431149108597E+002  0.320035311491352E+000  0.658533908308001E+000  0.679964688508648E+000 -0.583481073706260E+001 -0.298182550226322E+001 -0.298182550226322E+001
  0.672595573340400E+002  0.323983906910526E+000  0.656346600612160E+000  0.676016093089474E+000 -0.583481073706260E+001 -0.298144805827167E+001 -0.298144805827167E+001
  0.676116879524623E+002  0.320075597661879E+000  0.671297974242177E+000  0.679924402338121E+000 -0.583481073706260E+001 -0.298047098951102E+001 -0.298047098951102E+001
  0.675636896606730E+002  0.325794327129195E+000  0.675514385038211E+000  0.674205672870805E+000 -0.583481073706260E+001 -0.298253851027913E+001 -0.298253851027913E+001
  0.673889118490563E+002  0.328289742167680E+000  0.653473657946842E+000  0.671710257832320E+000 -0.583481073706260E+001 -0.298391490433163E+001 -0.298391490433163E+001
  0.673400864536785E+002  0.324486438602270E+000  0.667228102066179E+000  0.675513561397730E+000 -0.583481073706260E+001 -0.297281256611307E+001 -0.297281256611307E+001
  0.678132640622643E+002  0.320061887806261E+000  0.674226492661011E+000  0.679938112193739E+000 -0.583481073706260E+001 -0.298115347325148E+001 -0.298115347325148E+001
  0.675326616337335E+002  0.327774982891701E+000  0.665741098520273E+000  0.672225017108299E+000 -0.583481073706260E+001 -0.297974705823523E+001 -0.297974705823523E+001
  0.678889798351322E+002  0.321514334088877E+000  0.676143570750559E+000  0.678485665911123E+000 -0.583481073706260E+001 -0.298607315107301E+001 -0.298607315107301E+001
  0.679792759440673E+002  0.319564836072031E+000  0.658625482115315E+000  0.680435163927970E+000 -0.583481073706260E+001 -0.297893772230022E+001 -0.297893772230022E+001
  0.677028978926689E+002  0.322360487883800E+000  0.670880163684288E+000  0.677639512116200E+000 -0.583481073706260E+001 -0.297404535548136E+001 -0.297404535548136E+001
  0.675284140836811E+002  0.323056121334517E+000  0.672172464090903E+000  0.676943878665483E+000 -0.583481073706260E+001 -0.297502894872622E+001 -0.297502894872621E+001
  0.676414589766929E+002  0.323448021420341E+000  0.671466688043410E+000  0.676551978579659E+000 -0.583481073706260E+001 -0.297424472237599E+001 -0.297424472237599E+001
  0.670722740415813E+002  0.327952917169023E+000  0.667197179259711E+000  0.672047082830977E+000 -0.583481073706260E+001 -0.297840552778755E+001 -0.297840552778755E+001
  0.680082294606102E+002  0.320598869067700E+000  0.672589619880431E+000  0.679401130932300E+000 -0.583481073706260E+001 -0.298488737111387E+001 -0.298488737111387E+001
  0.680374814483318E+002  0.321303861447324E+000  0.662123508414915E+000  0.678696138552676E+000 -0.583481073706260E+001 -0.298332222468995E+001 -0.298332222468995E+001
  0.677570901522105E+002  0.319886159970848E+000  0.661046236469373E+000  0.680113840029152E+000 -0.583481073706260E+001 -0.297409704446219E+001 -0.297409704446219E+001
  0.674363577790853E+002  0.325419727640415E+000  0.649461924781880E+000  0.674580272359585E+000 -0.583481073706260E+001 -0.298517539298273E+001 -0.298517539298273E+001
  0.672917191219588E+002  0.328677282283035E+000  0.656280357955545E+000  0.671322717716965E+000 -0.583481073706260E+001 -0.297927296203618E+001 -0.297927296203618E+001
  0.676812396143639E+002  0.318979156504137E+000  0.656258247383405E+000  0.681020843495863E+000 -0.583481073706260E+001 -0.298331370730820E+001 -0.298331370730820E+001
  0.678206918529500E+002  0.320774972471177E+000  0.652667618642770E+000  0.679225027528823E+000 -0.583481073706260E+001 -0.298178550740405E+001 -0.298178550740405E+001
  0.676204076120814E+002  0.322111919916480E+000  0.670014255492407E+000  0.677888080083520E+000 -0.583481073706260E+001 -0.297303678953982E+001 -0.297303678953981E+001
  0.677042714512770E+002  0.322847780091161E+000  0.664918163656091E+000  0.677152219908839E+000 -0.583481073706260E+001 -0.297058682400768E+001 -0.297058682400768E+001
  0.674303365395118E+002  0.327343516506081E+000  0.658972573747149E+000  0.672656483493919E+000 -0.583481073706260E+001 -0.297511152966134E+001 -0.297511152966134E+001
  0.679196934233115E+002  0.322423860275056E+000  0.664280988403855E+000  0.677576139724944E+000 -0.583481073706260E+001 -0.297882986506239E+001 -0.297882986506239E+001
  0.675757776622581E+002  0.323572807330903E+000  0.671146874211973E+000  0.676427192669097E+000 -0.583481073706260E+001 -0.297327013401168E+001 -0.297327013401168E+001
  0.678708334427180E+002  0.320215078381250E+000  0.672319535147101E+000  0.679784921618750E+000 -0.583481073706260E+001 -0.297910085578856E+001 -0.297910085578855E+001
  0.672645453850146E+002  0.330629614876921E+000  0.662360466551041E+000  0.669370385123079E+000 -0.583481073706260E+001 -0.298316810052295E+001 -0.298316810052295E+001
  0.672007398428161E+002  0.328130226531026E+000  0.675302614441325E+000  0.671869773468974E+000 -0.583481073706260E+001 -0.298353081127421E+001 -0.298353081127421E+001
  0.678897225951891E+002  0.320367494523618E+000  0.663176311077307E+000  0.679632505476382E+000 -0.583481073706260E+001 -0.297410881596497E+001 -0.297410881596497E+001
  0.672621999252323E+002  0.330352877332915E+000  0.658659205654184E+000  0.669647122667085E+000 -0.583481073706260E+001 -0.298347910458566E+001 -0.298347910458566E+001
  0.680357387832370E+002  0.320268664812589E+000  0.665170321043920E+000  0.679731335187411E+000 -0.583481073706260E+001 -0.298034500593004E+001 -0.298034500593004E+001
  0.679332169781491E+002  0.320828606544671E+000  0.652162606461262E+000  0.679171393455329E+000 -0.583481073706260E+001 -0.298627221166903E+001 -0.298627221166903E+001
  0.679948050375916E+002  0.322142139547549E+000  0.665391484665635E+000  0.677857860452451E+000 -0.583481073706260E+001 -0.298318674445136E+001 -0.298318674445137E+001
  0.672575664560825E+002  0.322746364807573E+000  0.669869997331219E+000  0.677253635192427E+000 -0.583481073706260E+001 -0.298590974816003E+001 -0.298590974816003E+001
  0.675253802031036E+002  0.322007092109215E+000  0.657109509803584E+000  0.677992907890785E+000 -0.583481073706260E+001 -0.297532894283036E+001 -0.297532894283036E+001
  0.679402206192032E+002  0.322545949150156E+000  0.663759111335623E+000  0.677454050849844E+000 -0.583481073706260E+001 -0.298062698631513E+001 -0.298062698631513E+001
  0.675752243985156E+002  0.327054843599165E+000  0.661291175835674E+000  0.672945156400835E+000 -0.583481073706260E+001 -0.297850018886097E+001 -0.297850018886097E+001
  0.671396001873094E+002  0.326956259713523E+000  0.667745712161065E+000  0.673043740286477E+000 -0.583481073706260E+001 -0.297685148446140E+001 -0.297685148446139E+001
  0.672946743904474E+002  0.325367837261116E+000  0.674034248991401E+000  0.674632162738884E+000 -0.583481073706260E+001 -0.297972389277562E+001 -0.297972389277562E+001
  0.680559171181726E+002  0.319626383625788E+000  0.661858573926225E+000  0.680373616374212E+000 -0.583481073706260E+001 -0.298064080615661E+001 -0.298064080615661E+001
  0.681108169186030E+002  0.317486465885092E+000  0.658438505762294E+000  0.682513534114908E+000 -0.583481073706260E+001 -0.298493789647836E+001 -0.298493789647836E+001
  0.676741395926663E+002  0.318868176841480E+000  0.670019764125523E+000  0.681131823158520E+000 -0.583481073706260E+001 -0.298261890292295E+001 -0.298261890292295E+001
  0.675769992669204E+002  0.322063020624781E+000  0.655286180290516E+000  0.677936979375219E+000 -0.583481073706260E+001 -0.297604218965824E+001 -0.297604218965824E+001
  0.672271762846755E+002  0.323893148798381E+000  0.667768437848358E+000  0.676106851201619E+000 -0.583481073706260E+001 -0.298082501798888E+001 -0.298082501798888E+001
  0.678239625006291E+002  0.322196503783267E+000  0.667671601564990E+000  0.677803496216733E+000 -0.583481073706260E+001 -0.297448242792376E+001 -0.297448242792376E+001
  0.677905817072029E+002  0.320024797798294E+000  0.654546893125837E+000  0.679975202201706E+000 -0.583481073706260E+001 -0.297952364341924E+001 -0.297952364341924E+001
  0.677061466689824E+002  0.319228762250111E+000  0.655073435406972E+000  0.680771237749889E+000 -0.583481073706260E+001 -0.298270632484500E+001 -0.298270632484500E+001
  0.674914303895901E+002  0.328049138018208E+000  0.664745618619041E+000  0.671950861981792E+000 -0.583481073706260E+001 -0.297883959526315E+001 -0.297883959526315E+001
  0.674364324872382E+002  0.323498855488648E+000  0.666864126491696E+000  0.676501144511352E+000 -0.583481073706260E+001 -0.297161693222645E+001 -0.297161693222645E+001
  0.669608548532383E+002  0.330216798943818E+000  0.662762173278931E+000  0.669783201056182E+000 -0.583481073706260E+001 -0.298196867321301E+001 -0.298196867321301E+001
  0.679281588953399E+002  0.319532203885653E+000  0.669868308580169E+000  0.680467796114347E+000 -0.583481073706260E+001 -0.297817459303172E+001 -0.297817459303172E+001
  0.679796455572380E+002  0.321394509729943E+000  0.672960612446899E+000  0.678605490270056E+000 -0.583481073706260E+001 -0.298553468915377E+001 -0.298553468915377E+001
  0.675728677459702E+002  0.327402493717443E+000  0.654262428132364E+000  0.672597506282557E+000 -0.583481073706260E+001 -0.298677298964979E+001 -0.298677298964979E+001
  0.672583625116732E+002  0.329297457220554E+000  0.659239408879838E+000  0.670702542779446E+000 -0.583481073706260E+001 -0.297821564963954E+001 -0.297821564963954E+001
  0.675934046200575E+002  0.323832282414234E+000  0.657316079669273E+000  0.676167717585766E+000 -0.583481073706260E+001 -0.297239458087396E+001 -0.297239458087396E+001
  0.676303078877877E+002  0.323398215545372E+000  0.650549994567672E+000  0.676601784454628E+000 -0.583481073706260E+001 -0.298281924777068E+001 -0.298281924777068E+001
  0.681748829207015E+002  0.317729780222127E+000  0.658708399416899E+000  0.682270219777873E+000 -0.583481073706260E+001 -0.298737966629733E+001 -0.298737966629734E+001
  0.671410652178712E+002  0.325152550482404E+000  0.664762678339844E+000  0.674847449517596E+000 -0.583481073706260E+001 -0.298042005932095E+001 -0.298042005932095E+001
  0.669366391153640E+002  0.330929116112925E+000  0.668682045310865E+000  0.669070883887075E+000 -0.583481073706260E+001 -0.298510591932187E+001 -0.298510591932187E+001
  0.677237064971543E+002  0.320400835203029E+000  0.665419435193563E+000  0.679599164796971E+000 -0.583481073706260E+001 -0.297274904896252E+001 -0.297274904896252E+001
  0.674284231713121E+002  0.327487962831183E+000  0.674953898440214E+000  0.672512037168817E+000 -0.583481073706260E+001 -0.298303221539694E+001 -0.298303221539694E+001
  0.670163992516561E+002  0.326660405355742E+000  0.657550709079724E+000  0.673339594644258E+000 -0.583481073706260E+001 -0.298692718301630E+001 -0.298692718301629E+001
  0.676469621201899E+002  0.321893495156274E+000  0.676933030717792E+000  0.678106504843726E+000 -0.583481073706260E+001 -0.298298494675312E+001 -0.298298494675312E+001
  0.675622889010001E+002  0.326933711865565E+000  0.669265788672293E+000  0.673066288134435E+000 -0.583481073706260E+001 -0.297897569202430E+001 -0.297897569202430E+001
  0.675794926335891E+002  0.321130726798279E+000  0.673025591291158E+000  0.678869273201721E+000 -0.583481073706260E+001 -0.297955416779250E+001 -0.297955416779250E+001
  0.673570857443261E+002  0.321351354805182E+000  0.667892955210501E+000  0.678648645194818E+000 -0.583481073706260E+001 -0.298514715960529E+001 -0.298514715960529E+001
  0.676700960642358E+002  0.324065056147195E+000  0.675693690531785E+000  0.675934943852805E+000 -0.583481073706260E+001 -0.298186073668445E+001 -0.298186073668445E+001
  0.674244156985404E+002  0.325939731196052E+000  0.675559576136116E+000  0.674060268803948E+000 -0.583481073706260E+001 -0.298036363402505E+001 -0.298036363402505E+001
  0.671647801357590E+002  0.326484405402870E+000  0.672267617784536E+000  0.673515594597130E+000 -0.583481073706260E+001 -0.298057503550626E+001 -0.298057503550626E+001
  0.680075635950734E+002  0.317621025407383E+000  0.669013698994258E+000  0.682378974592617E+000 -0.583481073706260E+001 -0.298194464042820E+001 -0.298194464042820E+001
  0.678829687537209E+002  0.322003517757081E+000  0.664433722667002E+000  0.677996482242919E+000 -0.583481073706260E+001 -0.297559872492083E+001 -0.297559872492083E+001
  0.676879281244701E+002  0.317784654562061E+000  0.663612529072135E+000  0.682215345437939E+000 -0.583481073706260E+001 -0.298577976784648E+001 -0.298577976784648E+001
  0.676391553499842E+002  0.326342916236915E+000  0.656050890659592E+000  0.673657083763085E+000 -0.583481073706260E+001 -0.298265442428397E+001 -0.298265442428397E+001
  0.676803224059265E+002  0.318794845738060E+000  0.670564217819315E+000  0.681205154261940E+000 -0.583481073706260E+001 -0.298326849353062E+001 -0.298326849353062E+001
  0.672192870237536E+002  0.325007383109530E+000  0.660732169924280E+000  0.674992616890470E+000 -0.583481073706260E+001 -0.297668978041769E+001 -0.297668978041769E+001
  0.672386943133909E+002  0.328168758148230E+000  0.670737427076460E+000  0.671831241851770E+000 -0.583481073706260E+001 -0.297710367696392E+001 -0.297710367696392E+001
  0.679701284887634E+002  0.319634222805426E+000  0.671227066617267E+000  0.680365777194574E+000 -0.583481073706260E+001 -0.298067033366878E+001 -0.298067033366879E+001
  0.674061670515172E+002  0.324325322785978E+000  0.677666345693298E+000  0.675674677214022E+000 -0.583481073706260E+001 -0.298444067269351E+001 -0.298444067269351E+001
  0.680763104728820E+002  0.317068558082206E+000  0.659651601778182E+000  0.682931441917794E+000 -0.583481073706260E+001 -0.298381805721227E+001 -0.298381805721227E+001
  0.678557688480970E+002  0.319566000299691E+000  0.674179042619186E+000  0.680433999700309E+000 -0.583481073706260E+001 -0.298219184107750E+001 -0.298219184107750E+001
  0.676416983941366E+002  0.319709978451877E+000  0.669148930212211E+000  0.680290021548123E+000 -0.583481073706260E+001 -0.297898309267826E+001 -0.297898309267825E+001
  0.675680299123882E+002  0.320103599199867E+000  0.654208362005456E+000  0.679896400800133E+000 -0.583481073706260E+001 -0.298513121686026E+001 -0.298513121686026E+001
  0.675528374263085E+002  0.324673724658725E+000  0.673717785456534E+000  0.675326275341275E+000 -0.583481073706260E+001 -0.297707026997339E+001 -0.297707026997338E+001
  0.674749641918357E+002  0.326366393347670E+000  0.668082737853795E+000  0.673633606652330E+000 -0.583481073706260E+001 -0.297298643207575E+001 -0.297298643207575E+001
  0.677265050374245E+002  0.318154434077959E+000  0.662235247141753E+000  0.681845565922041E+000 -0.583481073706260E+001 -0.298182425549623E+001 -0.298182425549623E+001
  0.674048426045359E+002  0.324560060627757E+000  0.679132823885746E+000  0.675439939372243E+000 -0.583481073706260E+001 -0.298727794411344E+001 -0.298727794411344E+001
  0.676469155579705E+002  0.323134080571955E+000  0.670612763227757E+000  0.676865919428045E+000 -0.583481073706260E+001 -0.297321083177492E+001 -0.297321083177492E+001
  0.675822213965497E+002  0.319893289225909E+000  0.668325600028272E+000  0.680106710774091E+000 -0.583481073706260E+001 -0.297996960894762E+001 -0.297996960894762E+001
  0.674905814679124E+002  0.323531136012460E+000  0.671017816484112E+000  0.676468863987540E+000 -0.583481073706260E+001 -0.297362956156942E+001 -0.297362956156942E+001
  0.673843409202844E+002  0.328140419056414E+000  0.671117418992339E+000  0.671859580943586E+000 -0.583481073706260E+001 -0.297903401561216E+001 -0.297903401561216E+001
  0.677101567099465E+002  0.323481863922034E+000  0.672004729918052E+000  0.676518136077966E+000 -0.583481073706260E+001 -0.297657782502319E+001 -0.297657782502319E+001
  0.668610873271369E+002  0.330651697266734E+000  0.664726384497310E+000  0.669348302733266E+000 -0.583481073706260E+001 -0.298659168342881E+001 -0.298659168342881E+001
  0.679826011657268E+002  0.321026219121051E+000  0.667619709135791E+000  0.678973780878949E+000 -0.583481073706260E+001 -0.297977808032977E+001 -0.297977808032976E+001
  0.671162595264403E+002  0.324875553914049E+000  0.666554433880717E+000  0.675124446085951E+000 -0.583481073706260E+001 -0.298391559828953E+001 -0.298391559828953E+001
  0.678194098538547E+002  0.317269815245767E+000  0.658539656644079E+000  0.682730184754233E+000 -0.583481073706260E+001 -0.298544371884880E+001 -0.298544371884880E+001
  0.673890888182071E+002  0.324950219666690E+000  0.677722007100090E+000  0.675049780333310E+000 -0.583481073706260E+001 -0.298429685675237E+001 -0.298429685675237E+001
  0.674366450581839E+002  0.320865223837348E+000  0.666713767627391E+000  0.679134776162652E+000 -0.583481073706260E+001 -0.298190040394034E+001 -0.298190040394034E+001
  0.678606453184165E+002  0.322280987652904E+000  0.674491996272128E+000  0.677719012347096E+000 -0.583481073706260E+001 -0.298350822342825E+001 -0.298350822342825E+001
  0.673706621335712E+002  0.321654291566225E+000  0.661969034846721E+000  0.678345708433775E+000 -0.583481073706260E+001 -0.298145592733023E+001 -0.298145592733023E+001
  0.675611242956225E+002  0.320008650171580E+000  0.665157050100604E+000  0.679991349828420E+000 -0.583481073706260E+001 -0.297902112283632E+001 -0.297902112283632E+001
  0.669784249724849E+002  0.330833282442159E+000  0.662554205648970E+000  0.669166717557841E+000 -0.583481073706260E+001 -0.298220742799750E+001 -0.298220742799750E+001
  0.670796439193657E+002  0.330116492835011E+000  0.665023824582445E+000  0.669883507164988E+000 -0.583481073706260E+001 -0.297885674454746E+001 -0.297885674454746E+001
  0.674247567155356E+002  0.327468735540763E+000  0.663846261596793E+000  0.672531264459236E+000 -0.583481073706260E+001 -0.297368548270777E+001 -0.297368548270776E+001
  0.673875531155448E+002  0.321233090937133E+000  0.667085380414275E+000  0.678766909062867E+000 -0.583481073706260E+001 -0.298322095287717E+001 -0.298322095287717E+001
  0.670065802030759E+002  0.329462728365873E+000  0.658820228320693E+000  0.670537271634127E+000 -0.583481073706260E+001 -0.298170659583790E+001 -0.298170659583790E+001
  0.669822441206471E+002  0.326578303407078E+000  0.665311382160840E+000  0.673421696592922E+000 -0.583481073706260E+001 -0.298703003145467E+001 -0.298703003145468E+001
  0.679436680363497E+002  0.316613466534915E+000  0.670962886224957E+000  0.683386533465085E+000 -0.583481073706260E+001 -0.298737714882496E+001 -0.298737714882496E+001
  0.670709472665213E+002  0.327417307067196E+000  0.668688657930615E+000  0.672582692932804E+000 -0.583481073706260E+001 -0.298007313593494E+001 -0.298007313593494E+001
  0.673844881825623E+002  0.325628886770509E+000  0.656694425993131E+000  0.674371113229491E+000 -0.583481073706260E+001 -0.297358325348374E+001 -0.297358325348374E+001
  0.679878985388907E+002  0.317342144321116E+000  0.657908543434733E+000  0.682657855678884E+000 -0.583481073706260E+001 -0.298327255547019E+001 -0.298327255547019E+001
  0.674014380297229E+002  0.327607355737542E+000  0.676360808982277E+000  0.672392644262458E+000 -0.583481073706260E+001 -0.298516541621600E+001 -0.298516541621600E+001
  0.677934649737156E+002  0.319524412509705E+000  0.660246107814485E+000  0.680475587490295E+000 -0.583481073706260E+001 -0.297518597075087E+001 -0.297518597075087E+001
  0.675031583133461E+002  0.324199010877170E+000  0.658757705652301E+000  0.675800989122830E+000 -0.583481073706260E+001 -0.297087156394167E+001 -0.297087156394167E+001
  0.676210268732861E+002  0.322852543199861E+000  0.676476083046411E+000  0.677147456800139E+000 -0.583481073706260E+001 -0.298135748841813E+001 -0.298135748841813E+001
  0.672334903685853E+002  0.325011281380248E+000  0.659946283757643E+000  0.674988718619752E+000 -0.583481073706260E+001 -0.297632649193224E+001 -0.297632649193224E+001
  0.674253860202427E+002  0.327859432798456E+000  0.662990383211324E+000  0.672140567201544E+000 -0.583481073706260E+001 -0.297521207269832E+001 -0.297521207269832E+001
  0.679308973380036E+002  0.317924963652398E+000  0.671383642892240E+000  0.682075036347602E+000 -0.583481073706260E+001 -0.298277815195698E+001 -0.298277815195698E+001
  0.679991947370987E+002  0.321525621737338E+000  0.667397481198864E+000  0.678474378262662E+000 -0.583481073706260E+001 -0.298202810061069E+001 -0.298202810061069E+001
  0.676160687193751E+002  0.323394286690477E+000  0.675649730433456E+000  0.676605713309523E+000 -0.583481073706260E+001 -0.297986453077491E+001 -0.297986453077491E+001
  0.673374358783124E+002  0.322153688377363E+000  0.662677415604448E+000  0.677846311622637E+000 -0.583481073706260E+001 -0.298081057045636E+001 -0.298081057045636E+001
  0.678801482193661E+002  0.322769491505277E+000  0.668513484937515E+000  0.677230508494723E+000 -0.583481073706260E+001 -0.297916437902729E+001 -0.297916437902729E+001
  0.674319199257394E+002  0.324227312526933E+000  0.655028287628867E+000  0.675772687473067E+000 -0.583481073706260E+001 -0.297550764309929E+001 -0.297550764309929E+001
  0.679964994382568E+002  0.321472516051786E+000  0.662518260753979E+000  0.678527483948214E+000 -0.583481073706260E+001 -0.298089421189171E+001 -0.298089421189171E+001
  0.677053433326785E+002  0.326472494989811E+000  0.668901568053494E+000  0.673527505010189E+000 -0.583481073706260E+001 -0.298501903567816E+001 -0.298501903567816E+001
  0.674156272243951E+002  0.321714225150544E+000  0.660925652017232E+000  0.678285774849456E+000 -0.583481073706260E+001 -0.297863464336210E+001 -0.297863464336209E+001
  0.671812959631887E+002  0.324545527151392E+000  0.669557087393229E+000  0.675454472848608E+000 -0.583481073706260E+001 -0.298242226100084E+001 -0.298242226100084E+001
  0.675615174744813E+002  0.326298857152114E+000  0.673942542805828E+000  0.673701142847886E+000 -0.583481073706260E+001 -0.298164686916773E+001 -0.298164686916772E+001
  0.675233465448625E+002  0.324358657792974E+000  0.659409901932729E+000  0.675641342207026E+000 -0.583481073706260E+001 -0.297045438596977E+001 -0.297045438596977E+001
