  0.100000000000000E+001  0.250271622670770E+002  0.763259885196240E+002  0.344637204297577E+000  0.655362795702423E+000 -0.519295685089021E+001 -0.125135811335385E+002
  0.100000000000000E+001  0.251097235155712E+002  0.529594384169083E+002  0.422526562688706E+000  0.577473437311294E+000 -0.519295685089021E+001 -0.125548617577856E+002
  0.100000000000000E+001  0.183837079126766E+002  0.777907683359186E+002  0.252811171136466E+000  0.747188828863534E+000 -0.519295685089021E+001 -0.919185395633832E+001
  0.100000000000000E+001  0.187077335512315E+002  0.685918320479864E+002  0.395751168641638E+000  0.604248831358362E+000 -0.519295685089021E+001 -0.935386677561577E+001
  0.100000000000000E+001  0.187999532872930E+002  0.596655884595037E+002  0.495074631549223E+000  0.504925368450777E+000 -0.519295685089021E+001 -0.939997664364648E+001
  0.100000000000000E+001  0.271233852679103E+002  0.855958685516578E+002  0.171125829487421E+000  0.828874170512579E+000 -0.519295685089021E+001 -0.135616926339551E+002
  0.100000000000000E+001  0.237343978903709E+002  0.717679948278602E+002  0.396251707258743E+000  0.603748292741257E+000 -0.519295685089021E+001 -0.118671989451854E+002
  0.100000000000000E+001  0.230005839722690E+002  0.525892164258100E+002  0.610529845045120E+000  0.389470154954880E+000 -0.519295685089021E+001 -0.115002919861345E+002
  0.100000000000000E+001  0.229743530025348E+002  0.515780976735636E+002  0.551067231685837E+000  0.448932768314163E+000 -0.519295685089021E+001 -0.114871765012674E+002
  0.100000000000000E+001  0.225087815937036E+002  0.535023006058340E+002  0.452273588947980E+000  0.547726411052020E+000 -0.519295685089021E+001 -0.112543907968518E+002
  0.100000000000000E+001  0.218822872306152E+002  0.526466847361227E+002  0.534406649594529E+000  0.465593350405471E+000 -0.519295685089021E+001 -0.109411436153076E+002
  0.100000000000000E+001  0.189127443586405E+002  0.571812926056517E+002  0.505973196163275E+000  0.494026803836725E+000 -0.519295685089021E+001 -0.945637217932024E+001
  0.100000000000000E+001  0.189853287906761E+002  0.619731485624578E+002  0.476839019685252E+000  0.523160980314748E+000 -0.519295685089021E+001 -0.949266439533807E+001
  0.100000000000000E+001  0.189918051913243E+002  0.760857164619783E+002  0.209972507798431E+000  0.790027492201569E+000 -0.519295685089021E+001 -0.949590259566216E+001
  0.100000000000000E+001  0.216021050946858E+002  0.613110824518549E+002  0.288588775611555E+000  0.711411224388445E+000 -0.519295685089021E+001 -0.108010525473429E+002
  0.100000000000000E+001  0.212353161899598E+002  0.589147891286392E+002  0.539979099798953E+000  0.460020900201047E+000 -0.519295685089021E+001 -0.106176580949799E+002
  0.100000000000000E+001  0.190736574549115E+002  0.758386289830519E+002  0.302282178177011E+000  0.697717821822989E+000 -0.519295685089021E+001 -0.953682872745574E+001
  0.100000000000000E+001  0.209378442228894E+002  0.649367299285065E+002  0.463788650127641E+000  0.536211349872359E+000 -0.519295685089021E+001 -0.104689221114447E+002
  0.100000000000000E+001  0.190985111031494E+002  0.562349974212116E+002  0.443093435524057E+000  0.556906564475943E+000 -0.519295685089021E+001 -0.954925555157471E+001
  0.100000000000000E+001  0.206129344847647E+002  0.602963228940654E+002  0.313154574039871E+000  0.686845425960129E+000 -0.519295685089021E+001 -0.103064672423823E+002
  0.100000000000000E+001  0.203226309008147E+002  0.708752234771785E+002  0.213403735933678E+000  0.786596264066322E+000 -0.519295685089021E+001 -0.101613154504073E+002
  0.100000000000000E+001  0.202499844756295E+002  0.574315734551469E+002  0.537287183357689E+000  0.462712816642311E+000 -0.519295685089021E+001 -0.101249922378147E+002
  0.100000000000000E+001  0.196612853274750E+002  0.795624263455768E+002  0.234514930602838E+000  0.765485069397162E+000 -0.519295685089021E+001 -0.983064266373749E+001
  0.100000000000000E+001  0.198570493607838E+002  0.553719173657694E+002  0.524557474258072E+000  0.475442525741928E+000 -0.519295685089021E+001 -0.992852468039189E+001
  0.100000000000000E+001  0.197645022284329E+002  0.751567470207511E+002  0.319562348756515E+000  0.680437651243485E+000 -0.519295685089021E+001 -0.988225111421643E+001
  0.100000000000000E+001  0.197643336249777E+002  0.561715415430391E+002  0.421788154983046E+000  0.578211845016954E+000 -0.519295685089021E+001 -0.988216681248886E+001
  0.100000000000000E+001  0.209080657170405E+002  0.803095426138867E+002  0.247996875057868E+000  0.752003124942132E+000 -0.519295685089021E+001 -0.104540328585203E+002
  0.100000000000000E+001  0.194788189554459E+002  0.584694270079367E+002  0.362608730320204E+000  0.637391269679796E+000 -0.519295685089021E+001 -0.973940947772293E+001
  0.100000000000000E+001  0.194049732505095E+002  0.557947262952219E+002  0.451769510322667E+000  0.548230489677333E+000 -0.519295685089021E+001 -0.970248662525477E+001
  0.100000000000000E+001  0.212171377948132E+002  0.812577222517201E+002  0.224248685265566E+000  0.775751314734434E+000 -0.519295685089021E+001 -0.106085688974066E+002
  0.100000000000000E+001  0.193732385351822E+002  0.555909850451032E+002  0.468724709549921E+000  0.531275290450079E+000 -0.519295685089021E+001 -0.968661926759108E+001
  0.100000000000000E+001  0.244080879241154E+002  0.839535042042473E+002  0.189852886617078E+000  0.810147113382922E+000 -0.519295685089021E+001 -0.122040439620577E+002
  0.100000000000000E+001  0.212650730035961E+002  0.812173406848142E+002  0.229350288959550E+000  0.770649711040450E+000 -0.519295685089021E+001 -0.106325365017981E+002
  0.100000000000000E+001  0.183647653545445E+002  0.569108455491851E+002  0.449670799742528E+000  0.550329200257472E+000 -0.519295685089021E+001 -0.918238267727226E+001
  0.100000000000000E+001  0.183325434598674E+002  0.569723548256301E+002  0.447390879472106E+000  0.552609120527894E+000 -0.519295685089021E+001 -0.916627172993370E+001
  0.100000000000000E+001  0.182731543028959E+002  0.615434154199359E+002  0.470525089133228E+000  0.529474910866772E+000 -0.519295685089021E+001 -0.913657715144797E+001
  0.100000000000000E+001  0.182370657681108E+002  0.611089650065147E+002  0.473755805970051E+000  0.526244194029949E+000 -0.519295685089021E+001 -0.911853288405541E+001
  0.100000000000000E+001  0.182318211880701E+002  0.573209546895775E+002  0.431027294111892E+000  0.568972705888108E+000 -0.519295685089021E+001 -0.911591059403507E+001
  0.100000000000000E+001  0.179844594027233E+002  0.588179127803394E+002  0.383835365943805E+000  0.616164634056195E+000 -0.519295685089021E+001 -0.899222970136166E+001
  0.100000000000000E+001  0.177801015707048E+002  0.577122507479976E+002  0.451880918266248E+000  0.548119081733752E+000 -0.519295685089021E+001 -0.889005078535241E+001
  0.100000000000000E+001  0.177568534363477E+002  0.626415712921864E+002  0.310524496628596E+000  0.689475503371404E+000 -0.519295685089021E+001 -0.887842671817387E+001
  0.100000000000000E+001  0.176762014534149E+002  0.578733372704788E+002  0.449373251819366E+000  0.550626748180634E+000 -0.519295685089021E+001 -0.883810072670745E+001
  0.100000000000000E+001  0.176689382413409E+002  0.583614903890545E+002  0.409848670847646E+000  0.590151329152354E+000 -0.519295685089021E+001 -0.883446912067043E+001
  0.100000000000000E+001  0.172693627415332E+002  0.585269831033898E+002  0.438530468139509E+000  0.561469531860491E+000 -0.519295685089021E+001 -0.863468137076658E+001
  0.100000000000000E+001  0.171222877939939E+002  0.598143317319112E+002  0.379476168167999E+000  0.620523831832001E+000 -0.519295685089021E+001 -0.856114389699696E+001
  0.100000000000000E+001  0.171080175814100E+002  0.603688628024125E+002  0.454397825737671E+000  0.545602174262329E+000 -0.519295685089021E+001 -0.855400879070498E+001
  0.100000000000000E+001  0.170992244123942E+002  0.649836388974045E+002  0.418520309112974E+000  0.581479690887026E+000 -0.519295685089021E+001 -0.854961220619709E+001
  0.100000000000000E+001  0.170758326364112E+002  0.625472019246902E+002  0.322131166500999E+000  0.677868833499001E+000 -0.519295685089021E+001 -0.853791631820562E+001
  0.100000000000000E+001  0.170189672903992E+002  0.674271408527181E+002  0.264767039642017E+000  0.735232960357983E+000 -0.519295685089021E+001 -0.850948364519958E+001
  0.100000000000000E+001  0.170109725204582E+002  0.598839604914368E+002  0.381026264045326E+000  0.618973735954674E+000 -0.519295685089021E+001 -0.850548626022912E+001
  0.100000000000000E+001  0.170108391684430E+002  0.590155555333147E+002  0.437068735670322E+000  0.562931264329678E+000 -0.519295685089021E+001 -0.850541958422150E+001
  0.100000000000000E+001  0.169757268667521E+002  0.595367454324407E+002  0.447532635942634E+000  0.552467364057366E+000 -0.519295685089021E+001 -0.848786343337603E+001
  0.100000000000000E+001  0.169374742925681E+002  0.596983782828426E+002  0.389898665782679E+000  0.610101334217321E+000 -0.519295685089021E+001 -0.846873714628405E+001
  0.100000000000000E+001  0.168616865619191E+002  0.592859072322757E+002  0.415164258545679E+000  0.584835741454321E+000 -0.519295685089021E+001 -0.843084328095954E+001
  0.100000000000000E+001  0.168376693743870E+002  0.594717503998109E+002  0.438224930602871E+000  0.561775069397129E+000 -0.519295685089021E+001 -0.841883468719349E+001
  0.100000000000000E+001  0.167548372379955E+002  0.661833544173173E+002  0.279549939975327E+000  0.720450060024673E+000 -0.519295685089021E+001 -0.837741861899777E+001
  0.100000000000000E+001  0.166320406901711E+002  0.613430357874809E+002  0.438691624982712E+000  0.561308375017288E+000 -0.519295685089021E+001 -0.831602034508554E+001
  0.100000000000000E+001  0.165131536390357E+002  0.658531507071875E+002  0.286284983921132E+000  0.713715016078868E+000 -0.519295685089021E+001 -0.825657681951787E+001
  0.100000000000000E+001  0.165023063698737E+002  0.602808797639530E+002  0.431409023328078E+000  0.568590976671922E+000 -0.519295685089021E+001 -0.825115318493683E+001
  0.100000000000000E+001  0.164678043279587E+002  0.606516081482321E+002  0.432969118291834E+000  0.567030881708166E+000 -0.519295685089021E+001 -0.823390216397937E+001
  0.100000000000000E+001  0.164626108711997E+002  0.600078860161519E+002  0.407928705886272E+000  0.592071294113728E+000 -0.519295685089021E+001 -0.823130543559987E+001
  0.100000000000000E+001  0.164618494915023E+002  0.607207788802974E+002  0.433056611925570E+000  0.566943388074430E+000 -0.519295685089021E+001 -0.823092474575115E+001
  0.100000000000000E+001  0.164126549519275E+002  0.610663814901714E+002  0.367121187909126E+000  0.632878812090874E+000 -0.519295685089021E+001 -0.820632747596375E+001
  0.100000000000000E+001  0.163986579105425E+002  0.635278277030682E+002  0.420208633291974E+000  0.579791366708026E+000 -0.519295685089021E+001 -0.819932895527126E+001
  0.100000000000000E+001  0.163585536698776E+002  0.620155755174341E+002  0.428787335480850E+000  0.571212664519150E+000 -0.519295685089021E+001 -0.817927683493880E+001
  0.100000000000000E+001  0.162420708732038E+002  0.629429540811883E+002  0.420974921622413E+000  0.579025078377587E+000 -0.519295685089021E+001 -0.812103543660188E+001
  0.100000000000000E+001  0.162406638971321E+002  0.671821914268563E+002  0.276930298205707E+000  0.723069701794293E+000 -0.519295685089021E+001 -0.812033194856606E+001
  0.100000000000000E+001  0.162334441890930E+002  0.632720170005146E+002  0.325503817577223E+000  0.674496182422777E+000 -0.519295685089021E+001 -0.811672209454651E+001
  0.100000000000000E+001  0.160863316035123E+002  0.621896799633772E+002  0.349713741272619E+000  0.650286258727381E+000 -0.519295685089021E+001 -0.804316580175616E+001
  0.100000000000000E+001  0.160805665039524E+002  0.634935391970965E+002  0.413523143803122E+000  0.586476856196878E+000 -0.519295685089021E+001 -0.804028325197620E+001
  0.100000000000000E+001  0.159724150393689E+002  0.611777495810807E+002  0.385136359827257E+000  0.614863640172743E+000 -0.519295685089021E+001 -0.798620751968444E+001
  0.100000000000000E+001  0.183502646623051E+002  0.687697498539613E+002  0.389740298857237E+000  0.610259701142763E+000 -0.519295685089021E+001 -0.917513233115255E+001
  0.100000000000000E+001  0.183445249259343E+002  0.777234777247406E+002  0.253647483833731E+000  0.746352516166269E+000 -0.519295685089021E+001 -0.917226246296714E+001
  0.100000000000000E+001  0.182763659348557E+002  0.746934624330744E+002  0.309806085757870E+000  0.690193914242130E+000 -0.519295685089021E+001 -0.913818296742785E+001
  0.100000000000000E+001  0.181659126855387E+002  0.743527786027040E+002  0.313462956982247E+000  0.686537043017753E+000 -0.519295685089021E+001 -0.908295634276937E+001
  0.100000000000000E+001  0.180672707606230E+002  0.764489384604779E+002  0.277587083602341E+000  0.722412916397659E+000 -0.519295685089021E+001 -0.903363538031148E+001
  0.100000000000000E+001  0.180319184349203E+002  0.713126154627604E+002  0.353787440295343E+000  0.646212559704657E+000 -0.519295685089021E+001 -0.901595921746014E+001
  0.100000000000000E+001  0.179925290261331E+002  0.764961228263600E+002  0.275176254841260E+000  0.724823745158740E+000 -0.519295685089021E+001 -0.899626451306656E+001
  0.100000000000000E+001  0.178748644757032E+002  0.717646926443340E+002  0.346025612383530E+000  0.653974387616470E+000 -0.519295685089021E+001 -0.893743223785159E+001
  0.100000000000000E+001  0.176407288299154E+002  0.689534443763354E+002  0.379437862378417E+000  0.620562137621583E+000 -0.519295685089021E+001 -0.882036441495768E+001
  0.100000000000000E+001  0.175993907527868E+002  0.732802119669720E+002  0.227540501237705E+000  0.772459498762295E+000 -0.519295685089021E+001 -0.879969537639341E+001
  0.100000000000000E+001  0.175124122834865E+002  0.747139305758287E+002  0.227466758593700E+000  0.772533241406300E+000 -0.519295685089021E+001 -0.875620614174326E+001
  0.100000000000000E+001  0.174288241801968E+002  0.750048820107043E+002  0.292480824556749E+000  0.707519175443251E+000 -0.519295685089021E+001 -0.871441209009840E+001
  0.100000000000000E+001  0.172116885190646E+002  0.752739883416892E+002  0.233827244887507E+000  0.766172755112493E+000 -0.519295685089021E+001 -0.860584425953228E+001
  0.100000000000000E+001  0.170395639477467E+002  0.759906111601198E+002  0.253323702541477E+000  0.746676297458523E+000 -0.519295685089021E+001 -0.851978197387333E+001
  0.100000000000000E+001  0.169468290183425E+002  0.744973483630254E+002  0.236364036560379E+000  0.763635963439621E+000 -0.519295685089021E+001 -0.847341450917125E+001
  0.100000000000000E+001  0.167032475161304E+002  0.699507991628394E+002  0.354867364881461E+000  0.645132635118539E+000 -0.519295685089021E+001 -0.835162375806521E+001
  0.100000000000000E+001  0.166525094640805E+002  0.744291919103709E+002  0.287065983852856E+000  0.712934016147144E+000 -0.519295685089021E+001 -0.832625473204027E+001
  0.100000000000000E+001  0.166057641506424E+002  0.683029539179688E+002  0.262758189697566E+000  0.737241810302434E+000 -0.519295685089021E+001 -0.830288207532120E+001
  0.100000000000000E+001  0.165451258489999E+002  0.704460276072102E+002  0.250156745217945E+000  0.749843254782055E+000 -0.519295685089021E+001 -0.827256292449995E+001
  0.100000000000000E+001  0.164384479128973E+002  0.749100365712695E+002  0.262176721594093E+000  0.737823278405907E+000 -0.519295685089021E+001 -0.821922395644867E+001
  0.100000000000000E+001  0.162896057151473E+002  0.744230961164410E+002  0.254114200291277E+000  0.745885799708723E+000 -0.519295685089021E+001 -0.814480285757364E+001
  0.100000000000000E+001  0.161815882404271E+002  0.726822370143800E+002  0.249022027235782E+000  0.750977972764218E+000 -0.519295685089021E+001 -0.809079412021355E+001
  0.100000000000000E+001  0.161779281994611E+002  0.743929448123485E+002  0.265105588429480E+000  0.734894411570520E+000 -0.519295685089021E+001 -0.808896409973056E+001
  0.100000000000000E+001  0.160929133372485E+002  0.736343197546332E+002  0.287802693175327E+000  0.712197306824673E+000 -0.519295685089021E+001 -0.804645666862426E+001
  0.100000000000000E+001  0.160667909719366E+002  0.723250871993368E+002  0.311247388244221E+000  0.688752611755779E+000 -0.519295685089021E+001 -0.803339548596831E+001
  0.100000000000000E+001  0.159723279736239E+002  0.731862698157302E+002  0.293567628031099E+000  0.706432371968901E+000 -0.519295685089021E+001 -0.798616398681195E+001
  0.100000000000000E+001  0.159336187480616E+002  0.684468080604608E+002  0.361552032427047E+000  0.638447967572953E+000 -0.519295685089021E+001 -0.796680937403078E+001
  0.100000000000000E+001  0.159014419786491E+002  0.690407993730564E+002  0.267402248403748E+000  0.732597751596252E+000 -0.519295685089021E+001 -0.795072098932458E+001
  0.100000000000000E+001  0.183229991319875E+002  0.671422758066074E+002  0.409483311202789E+000  0.590516688797211E+000 -0.519295685089021E+001 -0.916149956599376E+001
  0.100000000000000E+001  0.172747953573157E+002  0.670130361627994E+002  0.398314481382505E+000  0.601685518617495E+000 -0.519295685089021E+001 -0.863739767865786E+001
  0.100000000000000E+001  0.159900469222272E+002  0.664215079162309E+002  0.385337506841260E+000  0.614662493158740E+000 -0.519295685089021E+001 -0.799502346111361E+001
  0.100000000000000E+001  0.158787619971690E+002  0.618401044482250E+002  0.412202229078097E+000  0.587797770921904E+000 -0.519295685089021E+001 -0.793938099858452E+001
  0.100000000000000E+001  0.158683293906237E+002  0.668857894023666E+002  0.285450251042015E+000  0.714549748957985E+000 -0.519295685089021E+001 -0.793416469531183E+001
  0.100000000000000E+001  0.158676690908805E+002  0.615796330726504E+002  0.375350811625235E+000  0.624649188374765E+000 -0.519295685089021E+001 -0.793383454544023E+001
  0.100000000000000E+001  0.158388606980849E+002  0.644863795273032E+002  0.400523511312475E+000  0.599476488687525E+000 -0.519295685089021E+001 -0.791943034904243E+001
  0.100000000000000E+001  0.158366213967463E+002  0.613507882530921E+002  0.391548369522139E+000  0.608451630477861E+000 -0.519295685089021E+001 -0.791831069837314E+001
  0.100000000000000E+001  0.158009131509438E+002  0.621133597438348E+002  0.409640613441336E+000  0.590359386558664E+000 -0.519295685089021E+001 -0.790045657547190E+001
  0.100000000000000E+001  0.157471714795562E+002  0.615617582986974E+002  0.395096863128790E+000  0.604903136871210E+000 -0.519295685089021E+001 -0.787358573977810E+001
  0.100000000000000E+001  0.157234865570391E+002  0.616179726340294E+002  0.389657120072334E+000  0.610342879927666E+000 -0.519295685089021E+001 -0.786174327851955E+001
  0.100000000000000E+001  0.156865082222437E+002  0.617607166027223E+002  0.396712794480981E+000  0.603287205519019E+000 -0.519295685089021E+001 -0.784325411112188E+001
  0.100000000000000E+001  0.156369970947797E+002  0.632993707902136E+002  0.402454711369753E+000  0.597545288630247E+000 -0.519295685089021E+001 -0.781849854738985E+001
  0.100000000000000E+001  0.156215130368653E+002  0.649389723500529E+002  0.312820748504236E+000  0.687179251495764E+000 -0.519295685089021E+001 -0.781075651843264E+001
  0.100000000000000E+001  0.156148184485975E+002  0.631574022283633E+002  0.402138323181121E+000  0.597861676818879E+000 -0.519295685089021E+001 -0.780740922429874E+001
  0.100000000000000E+001  0.155828932694014E+002  0.620051122671465E+002  0.391548071645183E+000  0.608451928354817E+000 -0.519295685089021E+001 -0.779144663470071E+001
  0.100000000000000E+001  0.155637913682849E+002  0.646454501183914E+002  0.318394538615580E+000  0.681605461384420E+000 -0.519295685089021E+001 -0.778189568414245E+001
  0.100000000000000E+001  0.155110333730192E+002  0.631354275741022E+002  0.398238500994703E+000  0.601761499005297E+000 -0.519295685089021E+001 -0.775551668650962E+001
  0.100000000000000E+001  0.154774686316083E+002  0.623514723184047E+002  0.374233013266424E+000  0.625766986733576E+000 -0.519295685089021E+001 -0.773873431580414E+001
  0.100000000000000E+001  0.154442391161690E+002  0.633873962958986E+002  0.395241727890945E+000  0.604758272109055E+000 -0.519295685089021E+001 -0.772211955808452E+001
  0.100000000000000E+001  0.154371534308978E+002  0.626083059761109E+002  0.366349423702214E+000  0.633650576297786E+000 -0.519295685089021E+001 -0.771857671544888E+001
  0.100000000000000E+001  0.153907505306052E+002  0.638340372224990E+002  0.337046580449247E+000  0.662953419550753E+000 -0.519295685089021E+001 -0.769537526530258E+001
  0.100000000000000E+001  0.151953774027664E+002  0.658237580128020E+002  0.311098705717099E+000  0.688901294282901E+000 -0.519295685089021E+001 -0.759768870138322E+001
  0.100000000000000E+001  0.151704037098310E+002  0.632748477368867E+002  0.364683987541551E+000  0.635316012458449E+000 -0.519295685089021E+001 -0.758520185491548E+001
  0.100000000000000E+001  0.151483754779063E+002  0.648610503276197E+002  0.378694442397172E+000  0.621305557602828E+000 -0.519295685089021E+001 -0.757418773895313E+001
  0.100000000000000E+001  0.151341654158677E+002  0.639055126324910E+002  0.346346039819677E+000  0.653653960180323E+000 -0.519295685089021E+001 -0.756708270793385E+001
  0.100000000000000E+001  0.151323947352283E+002  0.662136343231298E+002  0.307872704594229E+000  0.692127295405771E+000 -0.519295685089021E+001 -0.756619736761415E+001
  0.100000000000000E+001  0.151117930453139E+002  0.640985718324684E+002  0.342908167392727E+000  0.657091832607273E+000 -0.519295685089021E+001 -0.755589652265694E+001
  0.100000000000000E+001  0.150931077848176E+002  0.650032759429892E+002  0.326206775279849E+000  0.673793224720151E+000 -0.519295685089021E+001 -0.754655389240879E+001
  0.100000000000000E+001  0.150639281057402E+002  0.641728289816561E+002  0.343722684408565E+000  0.656277315591435E+000 -0.519295685089021E+001 -0.753196405287010E+001
  0.100000000000000E+001  0.150503986869294E+002  0.639540759095679E+002  0.375193935085602E+000  0.624806064914398E+000 -0.519295685089021E+001 -0.752519934346472E+001
  0.100000000000000E+001  0.150080086489703E+002  0.638316703491554E+002  0.360462725139323E+000  0.639537274860677E+000 -0.519295685089021E+001 -0.750400432448514E+001
  0.100000000000000E+001  0.158936689894012E+002  0.735466921149162E+002  0.281736865124160E+000  0.718263134875840E+000 -0.519295685089021E+001 -0.794683449470059E+001
  0.100000000000000E+001  0.158151822566152E+002  0.695044145142745E+002  0.346370546792688E+000  0.653629453207312E+000 -0.519295685089021E+001 -0.790759112830762E+001
  0.100000000000000E+001  0.157452553296757E+002  0.717216138740137E+002  0.258741764167296E+000  0.741258235832704E+000 -0.519295685089021E+001 -0.787262766483784E+001
  0.100000000000000E+001  0.157162995037664E+002  0.681199905751257E+002  0.361470204809629E+000  0.638529795190371E+000 -0.519295685089021E+001 -0.785814975188319E+001
  0.100000000000000E+001  0.156902492910030E+002  0.730891375205101E+002  0.284400426936279E+000  0.715599573063721E+000 -0.519295685089021E+001 -0.784512464550149E+001
  0.100000000000000E+001  0.154480579182014E+002  0.725219006585085E+002  0.271601040593127E+000  0.728398959406873E+000 -0.519295685089021E+001 -0.772402895910072E+001
  0.100000000000000E+001  0.154432599676666E+002  0.723696655205619E+002  0.269703307745441E+000  0.730296692254559E+000 -0.519295685089021E+001 -0.772162998383332E+001
  0.100000000000000E+001  0.154258993156143E+002  0.685520243418657E+002  0.350472755554683E+000  0.649527244445317E+000 -0.519295685089021E+001 -0.771294965780716E+001
  0.100000000000000E+001  0.153948774933621E+002  0.699472186248453E+002  0.331818091563906E+000  0.668181908436094E+000 -0.519295685089021E+001 -0.769743874668104E+001
  0.100000000000000E+001  0.153930522605176E+002  0.709533595921707E+002  0.268290339213746E+000  0.731709660786254E+000 -0.519295685089021E+001 -0.769652613025882E+001
  0.100000000000000E+001  0.153560560859781E+002  0.721700950456554E+002  0.272533302348644E+000  0.727466697651356E+000 -0.519295685089021E+001 -0.767802804298903E+001
  0.100000000000000E+001  0.152888394523299E+002  0.721713528546176E+002  0.284834947614707E+000  0.715165052385293E+000 -0.519295685089021E+001 -0.764441972616493E+001
  0.100000000000000E+001  0.152563354944447E+002  0.673862677771096E+002  0.359934993573333E+000  0.640065006426667E+000 -0.519295685089021E+001 -0.762816774722236E+001
  0.100000000000000E+001  0.151829748806936E+002  0.718046590251315E+002  0.280741641901997E+000  0.719258358098003E+000 -0.519295685089021E+001 -0.759148744034681E+001
  0.100000000000000E+001  0.151579959095481E+002  0.704104115007403E+002  0.318556649344483E+000  0.681443350655517E+000 -0.519295685089021E+001 -0.757899795477405E+001
  0.100000000000000E+001  0.151505633963660E+002  0.676333884792449E+002  0.354583280631679E+000  0.645416719368321E+000 -0.519295685089021E+001 -0.757528169818302E+001
  0.100000000000000E+001  0.151187582867576E+002  0.713241682783138E+002  0.278654761732736E+000  0.721345238267264E+000 -0.519295685089021E+001 -0.755937914337879E+001
  0.100000000000000E+001  0.151118542262518E+002  0.688488044840338E+002  0.284156786142773E+000  0.715843213857227E+000 -0.519295685089021E+001 -0.755592711312591E+001
  0.100000000000000E+001  0.150777914514615E+002  0.698948518858493E+002  0.279858155418848E+000  0.720141844581152E+000 -0.519295685089021E+001 -0.753889572573075E+001
  0.100000000000000E+001  0.150765522696480E+002  0.696402683622756E+002  0.280874242666765E+000  0.719125757333235E+000 -0.519295685089021E+001 -0.753827613482400E+001
  0.100000000000000E+001  0.150619997812424E+002  0.713943196230385E+002  0.284860645627806E+000  0.715139354372194E+000 -0.519295685089021E+001 -0.753099989062121E+001
  0.100000000000000E+001  0.150294252254985E+002  0.700424302900832E+002  0.280978339657762E+000  0.719021660342238E+000 -0.519295685089021E+001 -0.751471261274923E+001
  0.100000000000000E+001  0.149997067974154E+002  0.701240503529286E+002  0.317561686997074E+000  0.682438313002926E+000 -0.519295685089021E+001 -0.749985339870771E+001
  0.100000000000000E+001  0.157663131780673E+002  0.672397111892281E+002  0.372397808569032E+000  0.627602191430968E+000 -0.519295685089021E+001 -0.788315658903365E+001
  0.100000000000000E+001  0.153788333366833E+002  0.664313050169572E+002  0.372658470119868E+000  0.627341529880132E+000 -0.519295685089021E+001 -0.768941666834163E+001
  0.100000000000000E+001  0.153777376566447E+002  0.660860744332905E+002  0.375915273257144E+000  0.624084726742856E+000 -0.519295685089021E+001 -0.768886882832233E+001
  0.100000000000000E+001  0.153056728948274E+002  0.660112513926394E+002  0.374787337772219E+000  0.625212662227781E+000 -0.519295685089021E+001 -0.765283644741371E+001
  0.100000000000000E+001  0.152463930556475E+002  0.658146030806242E+002  0.374924455777850E+000  0.625075544222150E+000 -0.519295685089021E+001 -0.762319652782377E+001
  0.100000000000000E+001  0.150819470163928E+002  0.665701647638887E+002  0.363546752701717E+000  0.636453247298283E+000 -0.519295685089021E+001 -0.754097350819638E+001
  0.100000000000000E+001  0.149836785432374E+002  0.691901572486249E+002  0.285763349585259E+000  0.714236650414741E+000 -0.519295685089021E+001 -0.749183927161872E+001
  0.100000000000000E+001  0.149543781971499E+002  0.689491386651920E+002  0.333180752580126E+000  0.666819247419874E+000 -0.519295685089021E+001 -0.747718909857495E+001
  0.100000000000000E+001  0.149385366273990E+002  0.702914170806660E+002  0.311958586268597E+000  0.688041413731403E+000 -0.519295685089021E+001 -0.746926831369950E+001
  0.100000000000000E+001  0.149312715530432E+002  0.703309099820991E+002  0.310832318762255E+000  0.689167681237745E+000 -0.519295685089021E+001 -0.746563577652162E+001
  0.100000000000000E+001  0.148968101257124E+002  0.706769173007821E+002  0.289478570191755E+000  0.710521429808245E+000 -0.519295685089021E+001 -0.744840506285618E+001
  0.100000000000000E+001  0.148905454123044E+002  0.707392526720699E+002  0.294486359818651E+000  0.705513640181349E+000 -0.519295685089021E+001 -0.744527270615221E+001
  0.100000000000000E+001  0.148708027783802E+002  0.704914138357455E+002  0.289582353483574E+000  0.710417646516426E+000 -0.519295685089021E+001 -0.743540138919012E+001
  0.100000000000000E+001  0.148698936608384E+002  0.705179467703686E+002  0.290020498930226E+000  0.709979501069774E+000 -0.519295685089021E+001 -0.743494683041919E+001
  0.100000000000000E+001  0.148650098410924E+002  0.698142637209864E+002  0.316904877688119E+000  0.683095122311881E+000 -0.519295685089021E+001 -0.743250492054621E+001
  0.100000000000000E+001  0.148626127825562E+002  0.701615692848677E+002  0.310291192754529E+000  0.689708807245471E+000 -0.519295685089021E+001 -0.743130639127809E+001
  0.100000000000000E+001  0.148318191207178E+002  0.703777212968426E+002  0.302129095941753E+000  0.697870904058247E+000 -0.519295685089021E+001 -0.741590956035890E+001
  0.100000000000000E+001  0.149659989071711E+002  0.668754373661164E+002  0.357112372955531E+000  0.642887627044469E+000 -0.519295685089021E+001 -0.748299945358554E+001
  0.100000000000000E+001  0.149127171251533E+002  0.656516320159936E+002  0.365032335538211E+000  0.634967664461789E+000 -0.519295685089021E+001 -0.745635856257665E+001
  0.100000000000000E+001  0.149071440661577E+002  0.663703688607323E+002  0.359615287269841E+000  0.640384712730159E+000 -0.519295685089021E+001 -0.745357203307887E+001
  0.100000000000000E+001  0.148722732331524E+002  0.662657404939919E+002  0.359125662411994E+000  0.640874337588006E+000 -0.519295685089021E+001 -0.743613661657619E+001
  0.100000000000000E+001  0.148545371892548E+002  0.663111292388944E+002  0.358064604015811E+000  0.641935395984189E+000 -0.519295685089021E+001 -0.742726859462738E+001
  0.100000000000000E+001  0.149772018051822E+002  0.642789690407495E+002  0.346566918888089E+000  0.653433081111911E+000 -0.519295685089021E+001 -0.748860090259112E+001
  0.100000000000000E+001  0.149705938616311E+002  0.651930684589256E+002  0.369991723689946E+000  0.630008276310054E+000 -0.519295685089021E+001 -0.748529693081557E+001
  0.100000000000000E+001  0.149118797129013E+002  0.642863680359900E+002  0.364766304658135E+000  0.635233695341865E+000 -0.519295685089021E+001 -0.745593985645064E+001
  0.100000000000000E+001  0.148979689149301E+002  0.643598662666517E+002  0.364242508137279E+000  0.635757491862721E+000 -0.519295685089021E+001 -0.744898445746504E+001
  0.100000000000000E+001  0.148877650008560E+002  0.645906948538184E+002  0.344999640771344E+000  0.655000359228656E+000 -0.519295685089021E+001 -0.744388250042798E+001
  0.100000000000000E+001  0.147872637751570E+002  0.648177087062194E+002  0.354592414551229E+000  0.645407585448771E+000 -0.519295685089021E+001 -0.739363188757850E+001
  0.100000000000000E+001  0.148734117691131E+002  0.668508615796258E+002  0.308204329604447E+000  0.691795670395553E+000 -0.519295685089021E+001 -0.743670588455656E+001
  0.100000000000000E+001  0.148476001641370E+002  0.662517918854454E+002  0.316520693813238E+000  0.683479306186762E+000 -0.519295685089021E+001 -0.742380008206849E+001
  0.100000000000000E+001  0.149060858096828E+002  0.653647068724073E+002  0.327521909571545E+000  0.672478090428455E+000 -0.519295685089021E+001 -0.745304290484142E+001
  0.100000000000000E+001  0.149777471880480E+002  0.649868199889791E+002  0.331023366753686E+000  0.668976633246314E+000 -0.519295685089021E+001 -0.748887359402399E+001
  0.100000000000000E+001  0.148334367774703E+002  0.650376233263592E+002  0.337857672470304E+000  0.662142327529696E+000 -0.519295685089021E+001 -0.741671838873514E+001
  0.100000000000000E+001  0.147603068083807E+002  0.693412483793783E+002  0.294002639551307E+000  0.705997360448693E+000 -0.519295685089021E+001 -0.738015340419035E+001
  0.100000000000000E+001  0.147568143998831E+002  0.665079445760592E+002  0.316964052352586E+000  0.683035947647414E+000 -0.519295685089021E+001 -0.737840719994157E+001
  0.100000000000000E+001  0.147557991176211E+002  0.664438476485781E+002  0.317866432756720E+000  0.682133567243280E+000 -0.519295685089021E+001 -0.737789955881057E+001
  0.100000000000000E+001  0.147557062693889E+002  0.672262153113827E+002  0.308552853878796E+000  0.691447146121204E+000 -0.519295685089021E+001 -0.737785313469446E+001
  0.100000000000000E+001  0.147698338222681E+002  0.653545830476438E+002  0.335409204075205E+000  0.664590795924795E+000 -0.519295685089021E+001 -0.738491691113403E+001
  0.100000000000000E+001  0.147340068723437E+002  0.691894027762505E+002  0.295810296650103E+000  0.704189703349897E+000 -0.519295685089021E+001 -0.736700343617184E+001
  0.100000000000000E+001  0.147323179989915E+002  0.694989045554355E+002  0.295649505510592E+000  0.704350494489408E+000 -0.519295685089021E+001 -0.736615899949573E+001
  0.100000000000000E+001  0.147321802364452E+002  0.683070787294839E+002  0.300169200482234E+000  0.699830799517766E+000 -0.519295685089021E+001 -0.736609011822261E+001
  0.100000000000000E+001  0.147205914884740E+002  0.692934459793603E+002  0.317790166602598E+000  0.682209833397402E+000 -0.519295685089021E+001 -0.736029574423701E+001
  0.100000000000000E+001  0.147435034805957E+002  0.650590164142724E+002  0.348896077073973E+000  0.651103922926027E+000 -0.519295685089021E+001 -0.737175174029786E+001
  0.100000000000000E+001  0.147150428898560E+002  0.678729807479661E+002  0.337305460854081E+000  0.662694539145919E+000 -0.519295685089021E+001 -0.735752144492799E+001
  0.100000000000000E+001  0.146896325566562E+002  0.688032186532982E+002  0.299604070909676E+000  0.700395929090324E+000 -0.519295685089021E+001 -0.734481627832809E+001
  0.100000000000000E+001  0.146812183815187E+002  0.695967163041103E+002  0.304685789849292E+000  0.695314210150708E+000 -0.519295685089021E+001 -0.734060919075935E+001
  0.100000000000000E+001  0.147115103149526E+002  0.667251301419924E+002  0.348317830035982E+000  0.651682169964018E+000 -0.519295685089021E+001 -0.735575515747632E+001
  0.100000000000000E+001  0.146768056022909E+002  0.657084510847232E+002  0.350119372418173E+000  0.649880627581827E+000 -0.519295685089021E+001 -0.733840280114547E+001
  0.100000000000000E+001  0.146794656792353E+002  0.655481235762268E+002  0.349126438222857E+000  0.650873561777144E+000 -0.519295685089021E+001 -0.733973283961765E+001
  0.100000000000000E+001  0.145657716472644E+002  0.681529300019393E+002  0.323248771776572E+000  0.676751228223428E+000 -0.519295685089021E+001 -0.728288582363220E+001
  0.100000000000000E+001  0.146068862486273E+002  0.660735706476754E+002  0.339996197322850E+000  0.660003802677150E+000 -0.519295685089021E+001 -0.730344312431367E+001
  0.100000000000000E+001  0.146002486189838E+002  0.661700993566067E+002  0.335638755414157E+000  0.664361244585843E+000 -0.519295685089021E+001 -0.730012430949192E+001
  0.100000000000000E+001  0.145979098989395E+002  0.663492168023363E+002  0.330842689468320E+000  0.669157310531680E+000 -0.519295685089021E+001 -0.729895494946977E+001
  0.100000000000000E+001  0.145866746119787E+002  0.664702054605215E+002  0.329903815667659E+000  0.670096184332341E+000 -0.519295685089021E+001 -0.729333730598937E+001
  0.100000000000000E+001  0.145591495303038E+002  0.675072302995950E+002  0.330605074892695E+000  0.669394925107305E+000 -0.519295685089021E+001 -0.727957476515189E+001
  0.100000000000000E+001  0.145549015496311E+002  0.681477854466053E+002  0.314353389668663E+000  0.685646610331337E+000 -0.519295685089021E+001 -0.727745077481554E+001
  0.100000000000000E+001  0.145414406830309E+002  0.679732987453091E+002  0.321016749377641E+000  0.678983250622359E+000 -0.519295685089021E+001 -0.727072034151543E+001
