  0.676384562494638E+002  0.322167266623512E+000  0.677832733376488E+000 -0.519295685089021E+001 -0.726707657171507E+001 -0.726707657171507E+001 -0.727454523629324E+001
  0.677259856764226E+002  0.320234592716035E+000  0.679765407283965E+000 -0.519295685089021E+001 -0.726841285002208E+001 -0.726841285002208E+001 -0.731196242870489E+001
  0.678099022301199E+002  0.322126208194539E+000  0.677873791805461E+000 -0.519295685089021E+001 -0.726830982884440E+001 -0.726830982884440E+001 -0.726881391860853E+001
  0.675334378539201E+002  0.325416790989517E+000  0.674583209010483E+000 -0.519295685089021E+001 -0.726737477081118E+001 -0.726737477081118E+001 -0.726872963014904E+001
  0.676720985735768E+002  0.322172291929495E+000  0.677827708070505E+000 -0.519295685089021E+001 -0.726709592949973E+001 -0.726709592949973E+001 -0.726843933240599E+001
  0.675376949750733E+002  0.322078917122003E+000  0.677921082877997E+000 -0.519295685089021E+001 -0.726777655667761E+001 -0.726777655667762E+001 -0.726872963014904E+001
  0.677162165131526E+002  0.321142201644883E+000  0.678857798355117E+000 -0.519295685089021E+001 -0.726761318817034E+001 -0.726761318817034E+001 -0.730649653839892E+001
  0.677743886248388E+002  0.320330591100809E+000  0.679669408899191E+000 -0.519295685089021E+001 -0.726821558614943E+001 -0.726821558614943E+001 -0.726990562878267E+001
  0.675519932590080E+002  0.322081440466583E+000  0.677918559533417E+000 -0.519295685089021E+001 -0.726762054619778E+001 -0.726762054619778E+001 -0.726931787738408E+001
  0.676328226803950E+002  0.324412895110738E+000  0.675587104889262E+000 -0.519295685089021E+001 -0.726754493824033E+001 -0.726754493824033E+001 -0.727482531439886E+001
  0.675836881363874E+002  0.325562533950844E+000  0.674437466049156E+000 -0.519295685089021E+001 -0.726815858783145E+001 -0.726815858783145E+001 -0.727597038022878E+001
  0.676268438624184E+002  0.321572410032353E+000  0.678427589967647E+000 -0.519295685089021E+001 -0.726753718729685E+001 -0.726753718729685E+001 -0.726904572565462E+001
  0.677834672287647E+002  0.320753014483360E+000  0.679246985516640E+000 -0.519295685089021E+001 -0.726796893792559E+001 -0.726796893792559E+001 -0.726843933240599E+001
  0.675720530857278E+002  0.323823781215003E+000  0.676176218784997E+000 -0.519295685089021E+001 -0.726674780132111E+001 -0.726674780132111E+001 -0.726924200472474E+001
  0.676825131871853E+002  0.323069619046633E+000  0.676930380953368E+000 -0.519295685089021E+001 -0.726720884502448E+001 -0.726720884502448E+001 -0.727044252307054E+001
  0.677832627174819E+002  0.322565331846802E+000  0.677434668153198E+000 -0.519295685089021E+001 -0.726817867582250E+001 -0.726817867582250E+001 -0.726970536231126E+001
  0.676211153363271E+002  0.324725818660590E+000  0.675274181339410E+000 -0.519295685089021E+001 -0.726769920659041E+001 -0.726769920659041E+001 -0.734662064331959E+001
  0.677392493723814E+002  0.322175743468670E+000  0.677824256531330E+000 -0.519295685089021E+001 -0.726747011545589E+001 -0.726747011545589E+001 -0.727722308691415E+001
  0.676388086545612E+002  0.321417983514442E+000  0.678582016485558E+000 -0.519295685089021E+001 -0.726761339816421E+001 -0.726761339816421E+001 -0.727276036493863E+001
  0.676002937079605E+002  0.322404503783469E+000  0.677595496216531E+000 -0.519295685089021E+001 -0.726703388776884E+001 -0.726703388776884E+001 -0.731006251046186E+001
  0.675562014403638E+002  0.324145113998790E+000  0.675854886001210E+000 -0.519295685089021E+001 -0.726676410801707E+001 -0.726676410801707E+001 -0.729431939175022E+001
  0.678096870998248E+002  0.321703120997933E+000  0.678296879002067E+000 -0.519295685089021E+001 -0.726811612599144E+001 -0.726811612599144E+001 -0.726888688584100E+001
  0.676416409820694E+002  0.321336038892346E+000  0.678663961107654E+000 -0.519295685089021E+001 -0.726767669854811E+001 -0.726767669854811E+001 -0.731470330221963E+001
  0.675609066664556E+002  0.325246154771749E+000  0.674753845228251E+000 -0.519295685089021E+001 -0.726749069059668E+001 -0.726749069059668E+001 -0.734256762562502E+001
  0.675391114470124E+002  0.325787761591658E+000  0.674212238408342E+000 -0.519295685089021E+001 -0.726783033290652E+001 -0.726783033290652E+001 -0.726871326001206E+001
  0.675331461211517E+002  0.323977983826703E+000  0.676022016173297E+000 -0.519295685089021E+001 -0.726669848133525E+001 -0.726669848133525E+001 -0.727496942942424E+001
  0.677453858344809E+002  0.321282188307357E+000  0.678717811692643E+000 -0.519295685089021E+001 -0.726759779138236E+001 -0.726759779138236E+001 -0.727150570039591E+001
  0.677598862272932E+002  0.322630684630680E+000  0.677369315369320E+000 -0.519295685089021E+001 -0.726787704812454E+001 -0.726787704812454E+001 -0.727695381461001E+001
  0.676921934129008E+002  0.320590943221759E+000  0.679409056778241E+000 -0.519295685089021E+001 -0.726817787719405E+001 -0.726817787719405E+001 -0.727187315549227E+001
  0.676554540600614E+002  0.320672471705181E+000  0.679327528294819E+000 -0.519295685089021E+001 -0.726834589296910E+001 -0.726834589296910E+001 -0.727065462289829E+001
  0.675639485463734E+002  0.322666612521741E+000  0.677333387478259E+000 -0.519295685089021E+001 -0.726702878956382E+001 -0.726702878956382E+001 -0.728996193226729E+001
  0.676651688458634E+002  0.321858988102757E+000  0.678141011897243E+000 -0.519295685089021E+001 -0.726720958426698E+001 -0.726720958426698E+001 -0.727034222547075E+001
  0.676874508930505E+002  0.321284512052436E+000  0.678715487947564E+000 -0.519295685089021E+001 -0.726754127591074E+001 -0.726754127591074E+001 -0.727193306904856E+001
  0.675891849475518E+002  0.321954105507004E+000  0.678045894492996E+000 -0.519295685089021E+001 -0.726742881964770E+001 -0.726742881964770E+001 -0.727278866419450E+001
  0.677559670926277E+002  0.320922809791238E+000  0.679077190208762E+000 -0.519295685089021E+001 -0.726779296212026E+001 -0.726779296212026E+001 -0.726854281411065E+001
  0.676064141980618E+002  0.321494675755658E+000  0.678505324244342E+000 -0.519295685089021E+001 -0.726776348748514E+001 -0.726776348748514E+001 -0.727496942942424E+001
  0.677521493309334E+002  0.321506204081952E+000  0.678493795918048E+000 -0.519295685089021E+001 -0.726756886297763E+001 -0.726756886297763E+001 -0.727018692753665E+001
  0.675994911503883E+002  0.321277779952426E+000  0.678722220047574E+000 -0.519295685089021E+001 -0.726809045841369E+001 -0.726809045841369E+001 -0.729619242702573E+001
  0.676065105634613E+002  0.321543968628814E+000  0.678456031371186E+000 -0.519295685089021E+001 -0.726770856531040E+001 -0.726770856531040E+001 -0.726929892073036E+001
  0.676808925136333E+002  0.323637920633831E+000  0.676362079366169E+000 -0.519295685089021E+001 -0.726750856520437E+001 -0.726750856520437E+001 -0.727822989510574E+001
  0.675881127596717E+002  0.324718640262251E+000  0.675281359737749E+000 -0.519295685089021E+001 -0.726729861295752E+001 -0.726729861295752E+001 -0.729318815548050E+001
  0.676256953930756E+002  0.325034779664773E+000  0.674965220335227E+000 -0.519295685089021E+001 -0.726812534599754E+001 -0.726812534599753E+001 -0.727133240733882E+001
  0.677367886186995E+002  0.321949830063540E+000  0.678050169936460E+000 -0.519295685089021E+001 -0.726743043677586E+001 -0.726743043677586E+001 -0.727072034151543E+001
  0.677358891740396E+002  0.321611325493403E+000  0.678388674506597E+000 -0.519295685089021E+001 -0.726746028052610E+001 -0.726746028052610E+001 -0.727091605763360E+001
  0.677462092270260E+002  0.321561984718944E+000  0.678438015281056E+000 -0.519295685089021E+001 -0.726752464012315E+001 -0.726752464012315E+001 -0.739115276911491E+001
  0.677800918027603E+002  0.321395931698239E+000  0.678604068301761E+000 -0.519295685089021E+001 -0.726777464357601E+001 -0.726777464357601E+001 -0.726970536231126E+001
  0.675542559774961E+002  0.321725761827002E+000  0.678274238172998E+000 -0.519295685089021E+001 -0.726801856527780E+001 -0.726801856527780E+001 -0.726881214792738E+001
  0.676204483631168E+002  0.321841695035072E+000  0.678158304964928E+000 -0.519295685089021E+001 -0.726733788775191E+001 -0.726733788775191E+001 -0.727133240733882E+001
  0.675937750539618E+002  0.324906431323059E+000  0.675093568676941E+000 -0.519295685089021E+001 -0.726753271622643E+001 -0.726753271622643E+001 -0.727207551820933E+001
  0.677890744566980E+002  0.321653516783273E+000  0.678346483216727E+000 -0.519295685089021E+001 -0.726786649038560E+001 -0.726786649038559E+001 -0.727104186297962E+001
  0.675957401978465E+002  0.321619141752615E+000  0.678380858247385E+000 -0.519295685089021E+001 -0.726771680298422E+001 -0.726771680298422E+001 -0.728220614236389E+001
  0.676462768921968E+002  0.323970326941840E+000  0.676029673058160E+000 -0.519295685089021E+001 -0.726734110484120E+001 -0.726734110484120E+001 -0.726893937935131E+001
  0.677634762063006E+002  0.322949590561370E+000  0.677050409438630E+000 -0.519295685089021E+001 -0.726815628586798E+001 -0.726815628586798E+001 -0.726881391860853E+001
  0.676748917445981E+002  0.324283528632388E+000  0.675716471367612E+000 -0.519295685089021E+001 -0.726801819882612E+001 -0.726801819882612E+001 -0.727067055464413E+001
  0.675918865802169E+002  0.324725117181837E+000  0.675274882818163E+000 -0.519295685089021E+001 -0.726734371380390E+001 -0.726734371380391E+001 -0.727060448813776E+001
  0.675322853242872E+002  0.324387588418566E+000  0.675612411581433E+000 -0.519295685089021E+001 -0.726675389605977E+001 -0.726675389605977E+001 -0.727130196827883E+001
  0.675786600280254E+002  0.323765612082342E+000  0.676234387917658E+000 -0.519295685089021E+001 -0.726675922060541E+001 -0.726675922060541E+001 -0.728024879021173E+001
  0.676336294811599E+002  0.322451534455906E+000  0.677548465544094E+000 -0.519295685089021E+001 -0.726696394250261E+001 -0.726696394250261E+001 -0.727110468665884E+001
  0.677699196295782E+002  0.322196630102715E+000  0.677803369897285E+000 -0.519295685089021E+001 -0.726779554550693E+001 -0.726779554550693E+001 -0.727012522031297E+001
  0.676515156908330E+002  0.324132585658338E+000  0.675867414341662E+000 -0.519295685089021E+001 -0.726753289209263E+001 -0.726753289209263E+001 -0.727696150203979E+001
  0.676435728223346E+002  0.323155181435392E+000  0.676844818564608E+000 -0.519295685089021E+001 -0.726694544804011E+001 -0.726694544804011E+001 -0.726929892073036E+001
  0.676010362560873E+002  0.324776784504505E+000  0.675223215495495E+000 -0.519295685089021E+001 -0.726749407131035E+001 -0.726749407131035E+001 -0.827256292449995E+001
  0.676465268090635E+002  0.322638028798067E+000  0.677361971201933E+000 -0.519295685089021E+001 -0.726694164270577E+001 -0.726694164270577E+001 -0.730447712353654E+001
  0.676085852787102E+002  0.325074592760480E+000  0.674925407239520E+000 -0.519295685089021E+001 -0.726791283249951E+001 -0.726791283249951E+001 -0.727001343743914E+001
  0.678302343597210E+002  0.320794548138630E+000  0.679205451861370E+000 -0.519295685089021E+001 -0.726826086216423E+001 -0.726826086216423E+001 -0.727034222547075E+001
  0.675439668619598E+002  0.322288081510276E+000  0.677711918489724E+000 -0.519295685089021E+001 -0.726748356596065E+001 -0.726748356596065E+001 -0.726955282503754E+001
  0.676461571191568E+002  0.321446309782745E+000  0.678553690217255E+000 -0.519295685089021E+001 -0.726754820542820E+001 -0.726754820542820E+001 -0.732643831516051E+001
  0.676779512250032E+002  0.323029882739008E+000  0.676970117260992E+000 -0.519295685089021E+001 -0.726715522625598E+001 -0.726715522625599E+001 -0.729469554201723E+001
  0.676860801169335E+002  0.322567737077898E+000  0.677432262922101E+000 -0.519295685089021E+001 -0.726711965616700E+001 -0.726711965616700E+001 -0.726956093325823E+001
  0.676795381598925E+002  0.320466251108641E+000  0.679533748891359E+000 -0.519295685089021E+001 -0.726841794907121E+001 -0.726841794907121E+001 -0.727061183177777E+001
  0.676113500610533E+002  0.321748018551692E+000  0.678251981448308E+000 -0.519295685089021E+001 -0.726746941243032E+001 -0.726746941243032E+001 -0.727317269647062E+001
  0.675413134039550E+002  0.325039992176622E+000  0.674960007823378E+000 -0.519295685089021E+001 -0.726712861983849E+001 -0.726712861983849E+001 -0.726881391860853E+001
  0.677148835728845E+002  0.322360639218621E+000  0.677639360781379E+000 -0.519295685089021E+001 -0.726729665871589E+001 -0.726729665871589E+001 -0.727009162395573E+001
  0.675541390739398E+002  0.321974344202091E+000  0.678025655797909E+000 -0.519295685089021E+001 -0.726771741888136E+001 -0.726771741888136E+001 -0.727126305944927E+001
  0.677044560639696E+002  0.321880340431207E+000  0.678119659568793E+000 -0.519295685089021E+001 -0.726726454300780E+001 -0.726726454300780E+001 -0.727528362032423E+001
  0.676099233281246E+002  0.324505134283660E+000  0.675494865716340E+000 -0.519295685089021E+001 -0.726735357675885E+001 -0.726735357675885E+001 -0.727496942942424E+001
  0.677962958709072E+002  0.322209100982364E+000  0.677790899017636E+000 -0.519295685089021E+001 -0.726815253039187E+001 -0.726815253039187E+001 -0.727400364905199E+001
  0.675625064086395E+002  0.322121913324689E+000  0.677878086675311E+000 -0.519295685089021E+001 -0.726748016075594E+001 -0.726748016075594E+001 -0.727357625817451E+001
  0.677707042490591E+002  0.322497317184131E+000  0.677502682815869E+000 -0.519295685089021E+001 -0.726794921907367E+001 -0.726794921907367E+001 -0.727110468665884E+001
  0.676693110641084E+002  0.323025130879722E+000  0.676974869120278E+000 -0.519295685089021E+001 -0.726708569887299E+001 -0.726708569887299E+001 -0.727193306904856E+001
  0.675808272303523E+002  0.325002843270455E+000  0.674997156729545E+000 -0.519295685089021E+001 -0.726747516982874E+001 -0.726747516982874E+001 -0.727207551820933E+001
  0.676071518620704E+002  0.321099852124737E+000  0.678900147875263E+000 -0.519295685089021E+001 -0.726824557351736E+001 -0.726824557351736E+001 -0.727144084606816E+001
  0.676571166704337E+002  0.321988860238968E+000  0.678011139761032E+000 -0.519295685089021E+001 -0.726714878801553E+001 -0.726714878801553E+001 -0.726909255345668E+001
  0.676805604991148E+002  0.323137910187064E+000  0.676862089812936E+000 -0.519295685089021E+001 -0.726721809844135E+001 -0.726721809844135E+001 -0.726904572565462E+001
  0.675692772701837E+002  0.323475902668431E+000  0.676524097331569E+000 -0.519295685089021E+001 -0.726672893523371E+001 -0.726672893523371E+001 -0.726854281411065E+001
  0.677195993170893E+002  0.323589500319203E+000  0.676410499680797E+000 -0.519295685089021E+001 -0.726801836811759E+001 -0.726801836811759E+001 -0.726854281411065E+001
  0.676892327752632E+002  0.322621820226307E+000  0.677378179773693E+000 -0.519295685089021E+001 -0.726714605428633E+001 -0.726714605428633E+001 -0.726854281411065E+001
  0.676798783780669E+002  0.324241639448500E+000  0.675758360551500E+000 -0.519295685089021E+001 -0.726805208507195E+001 -0.726805208507195E+001 -0.726843933240599E+001
  0.676180452866100E+002  0.321628378864700E+000  0.678371621135300E+000 -0.519295685089021E+001 -0.726753877441911E+001 -0.726753877441911E+001 -0.726842934828278E+001
  0.674468484047625E+002  0.326613003204198E+000  0.673386996795801E+000 -0.519295685089021E+001 -0.726783158111011E+001 -0.726783158111011E+001 -0.727144464083536E+001
  0.672915280380879E+002  0.325760339876057E+000  0.674239660123943E+000 -0.519295685089021E+001 -0.726780601956878E+001 -0.726780601956878E+001 -0.726970896074056E+001
  0.673096343812838E+002  0.327131999002719E+000  0.672868000997281E+000 -0.519295685089021E+001 -0.726781089517031E+001 -0.726781089517030E+001 -0.726928025427568E+001
  0.675149047313255E+002  0.322377737990376E+000  0.677622262009624E+000 -0.519295685089021E+001 -0.726769664089033E+001 -0.726769664089033E+001 -0.726879031791771E+001
  0.674598931208358E+002  0.325195957556980E+000  0.674804042443020E+000 -0.519295685089021E+001 -0.726686465428479E+001 -0.726686465428479E+001 -0.727037212613557E+001
  0.674909928461440E+002  0.326213581345921E+000  0.673786418654079E+000 -0.519295685089021E+001 -0.726778874220031E+001 -0.726778874220031E+001 -0.727607132924546E+001
  0.674898097144569E+002  0.325597807638234E+000  0.674402192361766E+000 -0.519295685089021E+001 -0.726718676856343E+001 -0.726718676856343E+001 -0.729488263374632E+001
  0.673338311854280E+002  0.324702573421176E+000  0.675297426578824E+000 -0.519295685089021E+001 -0.726786378269955E+001 -0.726786378269955E+001 -0.728098799784127E+001
  0.674074182335275E+002  0.325506667698582E+000  0.674493332301418E+000 -0.519295685089021E+001 -0.726698605114311E+001 -0.726698605114311E+001 -0.798659049817189E+001
  0.673823637892435E+002  0.323440861042654E+000  0.676559138957346E+000 -0.519295685089021E+001 -0.726838231360949E+001 -0.726838231360949E+001 -0.747781274528817E+001
  0.674949839510441E+002  0.324338048162391E+000  0.675661951837609E+000 -0.519295685089021E+001 -0.726672024737667E+001 -0.726672024737667E+001 -0.727836096881118E+001
  0.675116547854407E+002  0.322505653548815E+000  0.677494346451185E+000 -0.519295685089021E+001 -0.726759374883526E+001 -0.726759374883526E+001 -0.726885161474100E+001
  0.673261681964375E+002  0.325264648644211E+000  0.674735351355789E+000 -0.519295685089021E+001 -0.726760622370704E+001 -0.726760622370704E+001 -0.726862805547737E+001
  0.674621200549265E+002  0.323280895357139E+000  0.676719104642861E+000 -0.519295685089021E+001 -0.726739354401525E+001 -0.726739354401525E+001 -0.727026712573140E+001
  0.674624795410052E+002  0.326585303161746E+000  0.673414696838254E+000 -0.519295685089021E+001 -0.726794253317282E+001 -0.726794253317282E+001 -0.726851759204387E+001
  0.673144078717824E+002  0.324538894554290E+000  0.675461105445710E+000 -0.519295685089021E+001 -0.726832706360672E+001 -0.726832706360672E+001 -0.727467337276165E+001
  0.673349882166552E+002  0.327196061557617E+000  0.672803938442383E+000 -0.519295685089021E+001 -0.726784810705753E+001 -0.726784810705753E+001 -0.727399635660867E+001
  0.672831703979571E+002  0.327319596112199E+000  0.672680403887801E+000 -0.519295685089021E+001 -0.726797971274843E+001 -0.726797971274843E+001 -0.726886451246878E+001
  0.673699011030133E+002  0.323941482592304E+000  0.676058517407696E+000 -0.519295685089021E+001 -0.726800962531557E+001 -0.726800962531557E+001 -0.726870913180455E+001
  0.672157733942288E+002  0.326995828224892E+000  0.673004171775108E+000 -0.519295685089021E+001 -0.726841304268171E+001 -0.726841304268171E+001 -0.726858211641319E+001
  0.672647760304343E+002  0.325510802981567E+000  0.674489197018433E+000 -0.519295685089021E+001 -0.726832746925148E+001 -0.726832746925148E+001 -0.868341135386009E+001
  0.673800904894578E+002  0.327257703082297E+000  0.672742296917703E+000 -0.519295685089021E+001 -0.726806929890683E+001 -0.726806929890683E+001 -0.727779537960313E+001
  0.673884118616932E+002  0.325575408851744E+000  0.674424591148256E+000 -0.519295685089021E+001 -0.726705548981691E+001 -0.726705548981691E+001 -0.727435965036529E+001
  0.674666225977063E+002  0.325552604578864E+000  0.674447395421136E+000 -0.519295685089021E+001 -0.726704108210140E+001 -0.726704108210140E+001 -0.726866041195254E+001
  0.672424406579896E+002  0.326282104451639E+000  0.673717895548361E+000 -0.519295685089021E+001 -0.726824127561883E+001 -0.726824127561883E+001 -0.727098094420285E+001
  0.673483595587771E+002  0.325458173036568E+000  0.674541826963432E+000 -0.519295685089021E+001 -0.726731042762169E+001 -0.726731042762169E+001 -0.727765475454842E+001
  0.673455043623020E+002  0.327551461701282E+000  0.672448538298718E+000 -0.519295685089021E+001 -0.726820840874800E+001 -0.726820840874800E+001 -0.726848144628643E+001
  0.675030413197098E+002  0.326092112984604E+000  0.673907887015396E+000 -0.519295685089021E+001 -0.726777427826252E+001 -0.726777427826252E+001 -0.728098799784127E+001
  0.674639928154836E+002  0.324317225055377E+000  0.675682774944623E+000 -0.519295685089021E+001 -0.726681056366168E+001 -0.726681056366168E+001 -0.729694519433292E+001
  0.672737229402846E+002  0.325631955920704E+000  0.674368044079296E+000 -0.519295685089021E+001 -0.726810890391711E+001 -0.726810890391711E+001 -0.726888536351324E+001
  0.673253485202515E+002  0.325864685698884E+000  0.674135314301116E+000 -0.519295685089021E+001 -0.726743449816627E+001 -0.726743449816627E+001 -0.727147999444437E+001
  0.673115429869382E+002  0.324607681149548E+000  0.675392318850452E+000 -0.519295685089021E+001 -0.726830820285768E+001 -0.726830820285768E+001 -0.726986298152532E+001
  0.674935107661270E+002  0.323784760471083E+000  0.676215239528917E+000 -0.519295685089021E+001 -0.726682628109537E+001 -0.726682628109537E+001 -0.728655330443958E+001
  0.673565170090416E+002  0.326040940636675E+000  0.673959059363325E+000 -0.519295685089021E+001 -0.726725096827967E+001 -0.726725096827967E+001 -0.727131099150648E+001
  0.673980768800790E+002  0.323226007742081E+000  0.676773992257919E+000 -0.519295685089021E+001 -0.726838197157171E+001 -0.726838197157171E+001 -0.726870031218244E+001
  0.674609269503621E+002  0.324905883002078E+000  0.675094116997922E+000 -0.519295685089021E+001 -0.726679784085217E+001 -0.726679784085217E+001 -0.727040924672693E+001
  0.673938873036274E+002  0.326856528576650E+000  0.673143471423350E+000 -0.519295685089021E+001 -0.726773158912985E+001 -0.726773158912985E+001 -0.727534374024631E+001
  0.672962348044083E+002  0.326381378379679E+000  0.673618621620321E+000 -0.519295685089021E+001 -0.726764530678513E+001 -0.726764530678513E+001 -0.726887384124564E+001
  0.673026264949240E+002  0.325117964890973E+000  0.674882035109027E+000 -0.519295685089021E+001 -0.726801439966263E+001 -0.726801439966263E+001 -0.726866041195254E+001
  0.673410589581698E+002  0.326475796138584E+000  0.673524203861416E+000 -0.519295685089021E+001 -0.726742686991553E+001 -0.726742686991553E+001 -0.726923436852581E+001
  0.673724144878046E+002  0.326040432730579E+000  0.673959567269421E+000 -0.519295685089021E+001 -0.726719918088693E+001 -0.726719918088693E+001 -0.727650276936320E+001
  0.673905402409606E+002  0.323600958784093E+000  0.676399041215907E+000 -0.519295685089021E+001 -0.726804899005265E+001 -0.726804899005265E+001 -0.728271409178155E+001
  0.672385825482046E+002  0.327092407465949E+000  0.672907592534051E+000 -0.519295685089021E+001 -0.726817651720681E+001 -0.726817651720681E+001 -0.726926125233865E+001
  0.673300008022375E+002  0.325354715878544E+000  0.674645284121456E+000 -0.519295685089021E+001 -0.726752212180326E+001 -0.726752212180326E+001 -0.728567073884660E+001
  0.673074422990187E+002  0.326212691227389E+000  0.673787308772611E+000 -0.519295685089021E+001 -0.726755646239666E+001 -0.726755646239666E+001 -0.727175860821959E+001
  0.672627098716569E+002  0.325500628983599E+000  0.674499371016401E+000 -0.519295685089021E+001 -0.726836905932122E+001 -0.726836905932121E+001 -0.726866041195254E+001
  0.674319446105407E+002  0.326945215899216E+000  0.673054784100784E+000 -0.519295685089021E+001 -0.726809467009610E+001 -0.726809467009610E+001 -0.726853722183790E+001
  0.673201886881876E+002  0.324461800382288E+000  0.675538199617712E+000 -0.519295685089021E+001 -0.726830420017086E+001 -0.726830420017086E+001 -0.727040924672693E+001
  0.672478297199484E+002  0.326029763599478E+000  0.673970236400522E+000 -0.519295685089021E+001 -0.726827505949344E+001 -0.726827505949344E+001 -0.726958812345099E+001
  0.673620780952053E+002  0.324178938166899E+000  0.675821061833101E+000 -0.519295685089021E+001 -0.726789528769266E+001 -0.726789528769266E+001 -0.727352127143420E+001
  0.674472964340481E+002  0.326362070975847E+000  0.673637929024153E+000 -0.519295685089021E+001 -0.726757084633546E+001 -0.726757084633545E+001 -0.726986298152532E+001
  0.672513918626806E+002  0.327379541880746E+000  0.672620458119254E+000 -0.519295685089021E+001 -0.726814989880407E+001 -0.726814989880407E+001 -0.726853722183790E+001
  0.675124073152664E+002  0.323552102421698E+000  0.676447897578302E+000 -0.519295685089021E+001 -0.726682492731186E+001 -0.726682492731186E+001 -0.726879031791771E+001
  0.673845489955678E+002  0.323456445556757E+000  0.676543554443243E+000 -0.519295685089021E+001 -0.726832351028742E+001 -0.726832351028742E+001 -0.726948364485376E+001
  0.672499002252545E+002  0.326416297022447E+000  0.673583702977553E+000 -0.519295685089021E+001 -0.726810323340244E+001 -0.726810323340244E+001 -0.727144072764968E+001
  0.673290393647472E+002  0.326561204213235E+000  0.673438795786765E+000 -0.519295685089021E+001 -0.726749495799359E+001 -0.726749495799359E+001 -0.726895758914796E+001
  0.673040271676908E+002  0.327426374314735E+000  0.672573625685265E+000 -0.519295685089021E+001 -0.726801051849618E+001 -0.726801051849618E+001 -0.726960698105411E+001
  0.673624621869183E+002  0.324870672485361E+000  0.675129327514639E+000 -0.519295685089021E+001 -0.726738796030603E+001 -0.726738796030603E+001 -0.727040924672693E+001
  0.673579353135226E+002  0.324012263374283E+000  0.675987736625717E+000 -0.519295685089021E+001 -0.726813041922256E+001 -0.726813041922256E+001 -0.726931159114576E+001
  0.674309962648743E+002  0.323011340131224E+000  0.676988659868776E+000 -0.519295685089021E+001 -0.726810364212300E+001 -0.726810364212300E+001 -0.726932575692259E+001
  0.673345581629086E+002  0.326211382177251E+000  0.673788617822749E+000 -0.519295685089021E+001 -0.726738186079854E+001 -0.726738186079853E+001 -0.726853084083914E+001
