  0.670827636781888E+002  0.332558119641343E+000  0.667441880358657E+000 -0.519295685089021E+001 -0.727523970084737E+001 -0.727523970084737E+001
  0.661412711205309E+002  0.347586808375071E+000  0.652413191624929E+000 -0.519295685089021E+001 -0.732504505647591E+001 -0.732504505647591E+001
  0.667423155595548E+002  0.315724906180337E+000  0.684275093819663E+000 -0.519295685089021E+001 -0.735967969978952E+001 -0.735967969978952E+001
  0.659420832976078E+002  0.341662848641653E+000  0.658337151358347E+000 -0.519295685089021E+001 -0.731047547232123E+001 -0.731047547232123E+001
  0.668382528395726E+002  0.322247600109313E+000  0.677752399890687E+000 -0.519295685089021E+001 -0.729869532893048E+001 -0.729869532893048E+001
  0.666224954884720E+002  0.336987511304364E+000  0.663012488695636E+000 -0.519295685089021E+001 -0.728512281577834E+001 -0.728512281577835E+001
  0.660735706476754E+002  0.339996197322850E+000  0.660003802677150E+000 -0.519295685089021E+001 -0.730344312431367E+001 -0.730344312431367E+001
  0.660230177170067E+002  0.349819679148048E+000  0.650180320851952E+000 -0.519295685089021E+001 -0.733623434803543E+001 -0.733623434803543E+001
  0.674074182335275E+002  0.325506667698582E+000  0.674493332301418E+000 -0.519295685089021E+001 -0.726698605114311E+001 -0.726698605114311E+001
  0.673823637892435E+002  0.323440861042654E+000  0.676559138957346E+000 -0.519295685089021E+001 -0.726838231360949E+001 -0.726838231360949E+001
  0.662500271278021E+002  0.340711894248753E+000  0.659288105751247E+000 -0.519295685089021E+001 -0.729864309187074E+001 -0.729864309187074E+001
  0.672569196071529E+002  0.312801354000017E+000  0.687198645999983E+000 -0.519295685089021E+001 -0.732994054487397E+001 -0.732994054487397E+001
  0.662338968415977E+002  0.330644151652051E+000  0.669355848347949E+000 -0.519295685089021E+001 -0.730885315656595E+001 -0.730885315656595E+001
  0.672722459890724E+002  0.310861072467340E+000  0.689138927532660E+000 -0.519295685089021E+001 -0.734693826961648E+001 -0.734693826961648E+001
  0.669545470176582E+002  0.311912125905142E+000  0.688087874094858E+000 -0.519295685089021E+001 -0.737341200080575E+001 -0.737341200080575E+001
  0.665382122016327E+002  0.328562824324039E+000  0.671437175675961E+000 -0.519295685089021E+001 -0.729297649006841E+001 -0.729297649006841E+001
  0.663492168023363E+002  0.330842689468320E+000  0.669157310531680E+000 -0.519295685089021E+001 -0.729895494946977E+001 -0.729895494946977E+001
  0.668030363596592E+002  0.328725577561522E+000  0.671274422438478E+000 -0.519295685089021E+001 -0.727794592013798E+001 -0.727794592013798E+001
  0.670100903749356E+002  0.331381802737413E+000  0.668618197262587E+000 -0.519295685089021E+001 -0.727277466062349E+001 -0.727277466062349E+001
  0.661973350114391E+002  0.327835474727464E+000  0.672164525272536E+000 -0.519295685089021E+001 -0.732632430894716E+001 -0.732632430894716E+001
  0.672647760304343E+002  0.325510802981567E+000  0.674489197018433E+000 -0.519295685089021E+001 -0.726832746925148E+001 -0.726832746925148E+001
  0.668815279027836E+002  0.333617316142219E+000  0.666382683857781E+000 -0.519295685089021E+001 -0.727681027511125E+001 -0.727681027511125E+001
  0.673409534791835E+002  0.337317143504633E+000  0.662682856495367E+000 -0.519295685089021E+001 -0.730792658370896E+001 -0.730792658370896E+001
  0.672161879049792E+002  0.330485333222771E+000  0.669514666777229E+000 -0.519295685089021E+001 -0.727187549943431E+001 -0.727187549943431E+001
  0.668890256330012E+002  0.315896237151517E+000  0.684103762848483E+000 -0.519295685089021E+001 -0.734033957423499E+001 -0.734033957423499E+001
  0.674586323402537E+002  0.337672546936396E+000  0.662327453063604E+000 -0.519295685089021E+001 -0.731929306972600E+001 -0.731929306972600E+001
  0.660637479841170E+002  0.351683864811509E+000  0.648316135188491E+000 -0.519295685089021E+001 -0.734932593347494E+001 -0.734932593347494E+001
  0.663354971833206E+002  0.343398359578388E+000  0.656601640421612E+000 -0.519295685089021E+001 -0.730639333683863E+001 -0.730639333683863E+001
  0.661500865363926E+002  0.325837322577259E+000  0.674162677422741E+000 -0.519295685089021E+001 -0.734515109300239E+001 -0.734515109300239E+001
  0.660748065906627E+002  0.331472800968721E+000  0.668527199031279E+000 -0.519295685089021E+001 -0.731987221370358E+001 -0.731987221370358E+001
