  0.925079493306670E-001  0.221399999343779E+002  0.504016719735395E+002  0.649777529656744E+000  0.350222470343256E+000 -0.519295685089021E+001 -0.124195749430049E+002
  0.925079493306670E-001  0.158758442325182E+002  0.634341316262135E+002  0.454381214449744E+000  0.545618785550256E+000 -0.519295685089021E+001 -0.923926695898127E+001
  0.925079493306670E-001  0.223280123154450E+002  0.763259885196240E+002  0.344637204297577E+000  0.655362795702423E+000 -0.519295685089021E+001 -0.125135811335385E+002
  0.925079493306670E-001  0.159297498329802E+002  0.768320333472345E+002  0.278562686823017E+000  0.721437313176983E+000 -0.519295685089021E+001 -0.926621975921229E+001
  0.925079493306670E-001  0.160145012400432E+002  0.599960028443472E+002  0.343784235990051E+000  0.656215764009949E+000 -0.519295685089021E+001 -0.930859546274379E+001
  0.925079493306670E-001  0.236514167425316E+002  0.534359823946625E+002  0.674438776005255E+000  0.325561223994745E+000 -0.519295685089021E+001 -0.131752833470818E+002
  0.925079493306670E-001  0.216442336930945E+002  0.526575263902393E+002  0.447072828315100E+000  0.552927171684900E+000 -0.519295685089021E+001 -0.121234616892694E+002
  0.925079493306670E-001  0.215762471928365E+002  0.727479010672374E+002  0.386299570293352E+000  0.613700429706648E+000 -0.519295685089021E+001 -0.120894684391404E+002
  0.925079493306670E-001  0.161697524146621E+002  0.569855357003852E+002  0.422048330669263E+000  0.577951669330737E+000 -0.519295685089021E+001 -0.938622105005324E+001
  0.925079493306670E-001  0.161898269717722E+002  0.584674390658688E+002  0.374994299212366E+000  0.625005700787634E+000 -0.519295685089021E+001 -0.939625832860828E+001
  0.925079493306670E-001  0.207515958259890E+002  0.519292643750419E+002  0.615933800571639E+000  0.384066199428361E+000 -0.519295685089021E+001 -0.116771427557167E+002
  0.925079493306670E-001  0.161972636018486E+002  0.596655884595037E+002  0.495074631549223E+000  0.504925368450777E+000 -0.519295685089021E+001 -0.939997664364648E+001
  0.925079493306670E-001  0.203716633170904E+002  0.515780976735636E+002  0.551067231685837E+000  0.448932768314163E+000 -0.519295685089021E+001 -0.114871765012674E+002
  0.925079493306670E-001  0.162195516811008E+002  0.615968464835287E+002  0.312805375884119E+000  0.687194624115881E+000 -0.519295685089021E+001 -0.941112068327262E+001
  0.925079493306670E-001  0.162616198704405E+002  0.735107055755287E+002  0.214323132779897E+000  0.785676867220103E+000 -0.519295685089021E+001 -0.943215477794246E+001
  0.925079493306670E-001  0.167385257095295E+002  0.573777350827922E+002  0.517998681936944E+000  0.482001318063056E+000 -0.519295685089021E+001 -0.967060769748695E+001
  0.925079493306670E-001  0.162721019904938E+002  0.635341926484255E+002  0.458360410873604E+000  0.541639589126396E+000 -0.519295685089021E+001 -0.943739583796907E+001
  0.925079493306670E-001  0.163891155058799E+002  0.760857164619783E+002  0.209972507798431E+000  0.790027492201569E+000 -0.519295685089021E+001 -0.949590259566216E+001
  0.925079493306670E-001  0.191749143486859E+002  0.532742501572509E+002  0.485440482721083E+000  0.514559517278917E+000 -0.519295685089021E+001 -0.108888020170651E+002
  0.925079493306670E-001  0.165477763420942E+002  0.772012874983432E+002  0.209857736214280E+000  0.790142263785720E+000 -0.519295685089021E+001 -0.957523301376929E+001
  0.925079493306670E-001  0.165574603674994E+002  0.628794106823653E+002  0.290674586853609E+000  0.709325413146392E+000 -0.519295685089021E+001 -0.958007502647191E+001
  0.925079493306670E-001  0.166254530789592E+002  0.672416668376379E+002  0.244907854707468E+000  0.755092145292532E+000 -0.519295685089021E+001 -0.961407138220179E+001
  0.925079493306670E-001  0.174212846362565E+002  0.574803513611026E+002  0.532592876580556E+000  0.467407123419444E+000 -0.519295685089021E+001 -0.100119871608504E+002
  0.925079493306670E-001  0.188819524305189E+002  0.754069766391525E+002  0.331467806046198E+000  0.668532193953802E+000 -0.519295685089021E+001 -0.107423210579817E+002
  0.925079493306670E-001  0.188650676088888E+002  0.599705909320197E+002  0.309653766970629E+000  0.690346233029371E+000 -0.519295685089021E+001 -0.107338786471666E+002
  0.925079493306670E-001  0.175275578824157E+002  0.556533202425764E+002  0.430840079812834E+000  0.569159920187166E+000 -0.519295685089021E+001 -0.100651237839300E+002
  0.925079493306670E-001  0.187336450820814E+002  0.628099262616902E+002  0.271691026815985E+000  0.728308973184015E+000 -0.519295685089021E+001 -0.106681673837629E+002
  0.925079493306670E-001  0.186326265045154E+002  0.589147891286392E+002  0.539979099798953E+000  0.460020900201047E+000 -0.519295685089021E+001 -0.106176580949799E+002
  0.925079493306670E-001  0.185172426885895E+002  0.599686763280180E+002  0.526806557475285E+000  0.473193442524715E+000 -0.519295685089021E+001 -0.105599661870170E+002
  0.925079493306670E-001  0.176289869250614E+002  0.711597166564112E+002  0.212650802009305E+000  0.787349197990695E+000 -0.519295685089021E+001 -0.101158383052529E+002
  0.925079493306670E-001  0.176940878404000E+002  0.588402375483291E+002  0.526996599804644E+000  0.473003400195356E+000 -0.519295685089021E+001 -0.101483887629222E+002
  0.925079493306670E-001  0.178823965371520E+002  0.738003278684924E+002  0.200777545929017E+000  0.799222454070983E+000 -0.519295685089021E+001 -0.102425431112982E+002
  0.925079493306670E-001  0.179700065253291E+002  0.543484342961700E+002  0.537735107833426E+000  0.462264892166574E+000 -0.519295685089021E+001 -0.102863481053867E+002
  0.925079493306670E-001  0.183324664031564E+002  0.737846714634079E+002  0.197730359687896E+000  0.802269640312104E+000 -0.519295685089021E+001 -0.104675780443004E+002
  0.925079493306670E-001  0.180211322494414E+002  0.604562367454686E+002  0.310482774718641E+000  0.689517225281359E+000 -0.519295685089021E+001 -0.103119109674429E+002
  0.925079493306670E-001  0.159900469222272E+002  0.664215079162309E+002  0.385337506841260E+000  0.614662493158740E+000 -0.519295685089021E+001 -0.799502346111361E+001
  0.925079493306670E-001  0.157663131780673E+002  0.672397111892281E+002  0.372397808569032E+000  0.627602191430968E+000 -0.519295685089021E+001 -0.788315658903365E+001
  0.925079493306670E-001  0.153788333366833E+002  0.664313050169572E+002  0.372658470119868E+000  0.627341529880132E+000 -0.519295685089021E+001 -0.768941666834163E+001
  0.925079493306670E-001  0.153777376566447E+002  0.660860744332905E+002  0.375915273257144E+000  0.624084726742856E+000 -0.519295685089021E+001 -0.768886882832233E+001
  0.925079493306670E-001  0.153730104201038E+002  0.658187011828920E+002  0.378222666932000E+000  0.621777333068000E+000 -0.519295685089021E+001 -0.768650521005188E+001
  0.925079493306670E-001  0.151769252194662E+002  0.667146490026051E+002  0.364820408209731E+000  0.635179591790269E+000 -0.519295685089021E+001 -0.758846260973309E+001
  0.925079493306670E-001  0.150921749811450E+002  0.656178939165331E+002  0.371873280094473E+000  0.628126719905527E+000 -0.519295685089021E+001 -0.754608749057248E+001
  0.925079493306670E-001  0.150819470163928E+002  0.665701647638887E+002  0.363546752701717E+000  0.636453247298283E+000 -0.519295685089021E+001 -0.754097350819638E+001
  0.925079493306670E-001  0.149912725143449E+002  0.668729370607257E+002  0.357938403309200E+000  0.642061596690800E+000 -0.519295685089021E+001 -0.749563625717243E+001
  0.925079493306670E-001  0.149659989071711E+002  0.668754373661164E+002  0.357112372955531E+000  0.642887627044469E+000 -0.519295685089021E+001 -0.748299945358554E+001
  0.925079493306670E-001  0.149127171251533E+002  0.656516320159936E+002  0.365032335538211E+000  0.634967664461789E+000 -0.519295685089021E+001 -0.745635856257665E+001
  0.925079493306670E-001  0.149071440661577E+002  0.663703688607323E+002  0.359615287269841E+000  0.640384712730159E+000 -0.519295685089021E+001 -0.745357203307887E+001
  0.925079493306670E-001  0.148722732331524E+002  0.662657404939919E+002  0.359125662411994E+000  0.640874337588006E+000 -0.519295685089021E+001 -0.743613661657619E+001
  0.925079493306670E-001  0.148545371892548E+002  0.663111292388944E+002  0.358064604015811E+000  0.641935395984189E+000 -0.519295685089021E+001 -0.742726859462738E+001
  0.925079493306670E-001  0.148388029249663E+002  0.666517092578125E+002  0.354647077489951E+000  0.645352922510049E+000 -0.519295685089021E+001 -0.741940146248317E+001
  0.925079493306670E-001  0.147115103149526E+002  0.667251301419924E+002  0.348317830035982E+000  0.651682169964018E+000 -0.519295685089021E+001 -0.735575515747632E+001
  0.925079493306670E-001  0.146768056022909E+002  0.657084510847232E+002  0.350119372418173E+000  0.649880627581827E+000 -0.519295685089021E+001 -0.733840280114547E+001
