# log-evidence
logZ: -710.019488318345
logZstd: 0.102098480366664
clusters:
  1:
    logZ: -710.887261069511
    logZstd: 0.10768839920437
  2:
    logZ: -710.564752365555
    logZstd: 0.105084376661901
